1200 5000
111 65 28
709 128 12
1096 189 11
312 593 22
124 292 19
317 1179 44
382 1034 12
17 151 28
752 796 46
142 518 46
1077 261 10
983 607 27
318 729 27
142 627 40
1020 96 4
138 823 14
532 962 24
1130 424 10
806 321 20
181 479 46
905 1139 6
561 887 40
630 425 8
442 117 39
724 930 25
995 1017 2
54 517 21
200 798 19
679 170 14
1022 947 30
70 335 3
261 1134 14
767 709 5
853 353 42
87 19 13
133 37 28
249 319 5
446 527 16
154 610 23
877 187 28
743 171 1
688 60 36
542 376 38
555 302 12
738 288 20
522 518 44
272 655 30
1146 770 19
959 795 18
702 903 34
1141 483 10
828 713 33
786 972 29
235 428 31
139 658 31
448 648 43
1118 1169 36
22 716 36
612 736 48
584 792 29
893 102 26
916 1055 18
604 1147 41
936 1024 41
642 38 49
837 180 16
113 541 41
251 436 15
839 1032 47
608 738 26
952 68 48
49 470 3
257 438 15
337 912 17
495 1142 22
457 229 46
922 105 23
853 222 38
139 408 22
854 200 34
1188 390 26
107 845 13
893 613 15
1182 565 44
1102 1000 31
619 542 27
265 267 43
952 614 20
120 1011 8
1179 612 16
454 506 48
1114 976 7
492 896 25
1017 322 35
103 958 39
493 229 27
825 833 8
1193 538 35
231 1135 20
913 600 17
99 206 43
361 735 5
671 484 22
201 16 32
489 1014 13
277 317 42
712 1081 40
993 644 9
522 969 22
167 548 15
1110 731 11
387 847 39
653 718 12
782 873 20
591 825 3
82 912 42
860 386 11
1068 939 35
687 1050 42
1182 300 3
1033 167 5
180 318 18
873 982 11
591 1092 18
992 999 39
842 798 46
310 714 47
1166 262 33
191 1068 28
952 829 40
366 461 24
890 1140 3
870 611 23
1045 375 9
1079 289 31
132 1053 14
402 1197 43
899 167 40
1051 1123 1
229 1093 1
1051 252 7
779 501 27
203 799 42
1176 1112 44
980 748 23
833 709 36
263 7 35
1161 180 10
594 10 42
850 469 12
572 170 2
431 47 46
462 315 29
337 743 21
917 882 4
236 435 16
1192 305 40
563 20 26
646 80 18
827 653 2
747 169 47
995 822 7
904 550 20
768 732 38
892 162 37
1120 661 30
830 305 9
484 10 25
587 1013 17
268 739 23
971 501 4
385 614 46
72 696 36
329 387 38
293 1199 42
677 187 15
270 1119 49
446 901 14
718 302 16
971 990 24
472 1065 43
29 978 18
765 449 13
548 917 31
1066 994 5
961 518 1
642 907 44
379 303 40
889 666 49
1003 324 33
625 1151 43
293 132 16
910 1103 36
876 300 13
533 945 46
266 174 2
438 473 5
322 1191 10
697 61 35
388 774 44
685 1008 8
504 663 6
1069 797 26
347 898 20
857 179 32
117 905 46
544 1116 34
1014 518 7
1133 1057 24
586 297 32
412 1027 42
1167 110 2
23 298 31
645 407 9
257 100 22
462 740 42
337 55 9
364 620 15
655 710 24
140 74 25
278 14 47
637 299 2
501 685 21
403 1087 2
58 429 34
452 274 31
448 412 16
916 493 49
950 517 8
460 70 44
541 530 1
274 165 24
901 838 3
1119 299 5
1121 476 25
954 986 27
76 525 10
934 1086 27
591 55 16
281 224 22
178 203 48
832 520 30
282 497 18
1031 955 45
358 505 2
170 1060 13
1198 738 5
214 247 48
220 718 23
44 604 2
142 507 28
128 495 16
690 252 21
437 1182 49
632 548 30
110 388 33
892 88 26
205 576 26
1068 642 27
404 822 15
224 787 23
1070 745 12
925 714 44
1039 959 27
909 15 12
177 467 6
278 697 48
872 958 6
1104 1181 36
42 149 21
1150 89 9
1164 290 4
162 829 7
1177 1165 34
935 641 2
605 838 26
1170 1034 18
996 640 38
279 580 49
291 498 12
426 33 21
867 117 37
32 482 47
73 889 24
330 401 2
706 1148 11
796 853 7
543 76 27
313 389 48
871 804 30
123 1028 1
171 23 7
668 223 31
676 186 37
1102 349 23
210 686 19
297 556 29
342 352 46
1062 429 25
147 396 10
64 529 11
909 1018 45
881 556 7
1112 575 11
632 131 35
705 317 3
343 713 20
1149 1179 19
137 693 30
126 192 43
235 1035 12
395 1116 36
1050 871 5
254 878 49
469 495 5
1091 422 39
1136 1130 29
406 986 43
219 135 6
459 1188 10
296 242 29
816 550 13
635 1072 41
1075 839 5
861 297 5
1156 823 44
457 7 25
773 553 42
71 985 28
484 707 8
617 243 25
332 632 35
348 553 18
254 367 9
1139 522 10
133 240 3
456 597 25
1102 1189 3
1054 427 45
220 141 42
748 12 3
8 433 39
1013 820 38
1172 11 27
1020 226 2
767 528 45
364 196 12
590 831 28
808 533 18
1038 1063 38
818 910 7
584 704 15
1001 34 24
842 19 48
484 841 45
438 838 47
605 805 26
140 878 14
602 234 29
676 1131 46
537 454 33
916 639 46
347 917 22
529 522 41
996 470 13
1031 875 15
824 700 29
348 580 42
1167 1074 8
654 855 12
149 700 39
138 90 19
999 539 21
113 195 39
284 512 48
311 205 13
132 748 6
159 1185 13
757 582 2
1073 701 17
539 1106 19
464 53 35
894 868 24
355 1102 17
1141 1127 20
1195 429 6
492 755 37
841 961 10
67 785 41
1154 900 23
349 1147 45
1154 140 18
600 539 32
759 733 2
973 836 12
1197 1061 45
391 1191 3
985 657 48
217 765 27
214 1084 31
258 891 29
268 778 3
642 267 44
426 904 23
1054 57 28
306 798 43
529 634 15
621 887 10
628 464 24
494 585 39
838 316 8
345 467 2
593 6 21
664 1041 7
689 444 18
256 554 9
645 899 27
286 469 1
450 271 48
462 834 3
1011 262 4
295 18 49
1003 196 2
512 1003 23
1089 398 47
1068 804 30
1169 871 44
370 1198 7
267 846 47
691 408 40
487 968 38
817 1118 25
969 993 3
137 910 21
1150 1042 10
92 583 44
958 404 6
352 1021 38
631 283 39
2 121 26
917 818 6
817 1087 15
160 495 43
366 38 28
571 889 9
982 734 5
541 35 13
252 257 40
784 76 28
888 1182 16
515 1067 12
496 318 9
252 492 25
832 343 47
468 1171 25
986 297 6
84 676 27
426 555 39
740 399 48
174 748 45
267 645 20
965 503 3
500 226 4
358 1022 16
979 661 2
1198 366 7
850 668 13
251 948 32
788 279 16
934 300 33
22 401 46
77 997 17
691 77 21
603 705 31
610 253 22
199 1182 32
915 697 32
524 179 43
716 104 2
904 208 13
386 859 14
995 15 4
25 243 41
1170 948 31
26 885 12
398 295 27
492 649 26
841 1182 25
570 143 12
301 902 1
397 360 27
824 729 46
410 558 30
237 722 44
598 40 37
920 706 33
269 1089 49
574 579 8
174 270 16
474 756 4
326 856 39
130 769 33
444 565 27
555 634 24
153 196 28
251 249 33
70 429 25
1170 817 27
145 939 13
1132 46 29
101 131 7
327 1105 9
858 583 19
86 63 47
1099 86 4
986 395 44
371 966 19
45 311 20
118 627 46
647 1177 8
1109 332 12
701 569 31
126 266 9
676 299 29
482 1001 42
1176 5 1
69 293 14
750 99 39
272 284 35
964 1003 34
194 1097 40
410 657 10
86 1142 28
449 922 33
316 491 3
1138 778 44
382 835 4
374 502 9
112 1179 17
43 356 2
597 824 13
489 399 47
78 552 39
440 459 20
620 457 15
250 552 23
1173 819 30
628 1070 40
943 1193 17
436 577 41
253 943 32
862 332 39
553 461 1
465 963 13
430 1164 3
289 927 3
116 140 7
177 797 2
803 660 12
691 346 11
608 335 30
74 378 36
1083 398 36
769 256 2
618 291 35
506 615 47
487 613 10
297 419 9
1175 792 41
693 894 12
624 466 41
439 698 22
806 137 3
662 411 24
171 956 41
1014 1164 49
303 642 46
1116 232 41
693 205 3
251 1014 29
832 676 31
969 845 2
617 1154 19
102 793 9
331 237 34
51 491 48
1056 187 23
223 1082 40
385 355 15
815 71 46
705 547 36
1126 199 15
899 34 34
296 38 47
457 172 13
428 857 12
704 1090 12
1114 434 12
1019 738 5
438 1158 34
245 204 37
528 987 21
976 953 32
900 35 40
822 1149 24
965 859 46
427 146 1
557 629 40
143 25 2
61 172 11
614 712 9
519 570 33
1063 730 24
1011 543 3
737 583 39
1195 1053 13
632 103 1
14 237 24
241 468 15
293 952 46
778 480 30
791 48 27
1027 697 23
564 722 7
101 323 17
385 169 2
379 26 6
531 387 16
732 128 28
315 130 37
776 987 7
209 680 5
351 482 32
1021 319 28
113 32 13
1026 55 8
907 1029 38
369 1190 36
360 32 33
1153 852 29
460 1193 27
119 90 32
1044 645 23
167 41 1
920 259 48
458 608 47
699 999 24
1143 1010 38
840 602 40
968 155 31
174 959 1
33 1135 36
146 346 4
268 130 26
834 1006 43
792 1198 21
897 1054 44
252 1190 17
691 1 37
823 855 22
1147 107 2
298 386 20
830 855 32
304 572 35
669 1020 12
80 234 2
12 203 10
761 899 25
99 883 19
246 785 8
146 761 43
645 662 36
373 1107 37
340 637 46
705 1174 5
915 1176 40
514 368 3
172 3 44
346 186 36
242 907 14
641 989 37
29 904 20
1032 511 21
683 281 16
725 1117 13
403 434 25
963 160 24
699 436 6
632 1152 26
1033 865 42
912 553 20
1082 81 37
893 994 23
451 824 29
15 986 16
160 36 9
756 1103 41
217 13 23
1127 930 3
913 468 6
911 898 26
665 125 29
29 391 22
392 546 43
210 1142 25
244 538 5
503 247 6
1022 705 45
626 926 49
842 546 3
693 537 6
145 952 36
464 888 6
1164 1072 13
1162 1154 2
769 522 25
519 766 2
12 592 27
289 1107 44
247 1015 16
0 152 24
66 121 27
242 1073 13
745 854 42
947 540 24
0 386 8
134 21 32
109 839 20
107 646 23
446 191 47
3 466 28
710 1106 13
88 996 29
204 738 21
842 410 38
397 190 46
609 163 48
1087 405 42
723 865 14
1041 957 32
579 32 15
381 742 38
175 39 30
241 1016 31
800 817 38
971 363 31
796 441 9
856 891 14
620 628 13
1057 1115 21
1051 758 21
1157 322 20
260 509 2
836 481 14
478 336 40
791 364 5
1112 236 31
830 746 15
335 20 34
85 322 23
946 905 30
127 240 39
397 944 47
527 1116 43
587 238 46
1108 1014 41
191 348 42
263 857 11
808 770 4
527 394 35
1167 100 29
194 813 40
377 948 12
166 32 33
428 1065 23
984 941 19
693 967 31
542 792 37
1008 503 19
460 32 9
741 636 36
242 1072 16
1057 746 25
874 737 19
585 1180 13
173 585 2
1052 14 9
236 839 38
49 40 30
946 1061 49
363 912 31
69 124 28
592 699 30
455 268 21
45 29 2
1033 566 19
565 412 49
840 732 14
885 198 9
1084 276 17
811 470 6
654 202 1
85 404 4
996 297 12
1021 528 22
735 440 2
1144 1150 24
875 2 44
178 931 20
33 749 13
523 847 37
231 1080 33
325 1044 32
800 899 24
516 798 4
113 85 9
365 1089 15
673 386 13
850 523 8
881 1114 44
980 228 20
377 925 7
1111 479 21
959 1078 28
752 735 49
898 705 23
377 749 45
646 96 23
94 204 17
171 1072 14
868 1072 19
658 118 30
483 669 19
692 367 7
251 369 17
559 28 19
77 652 25
331 636 27
1161 822 20
782 479 37
92 470 23
210 1094 16
420 483 24
779 687 40
970 607 15
968 1112 39
140 1032 12
311 953 31
150 1006 24
447 404 43
1050 199 24
687 932 36
1009 734 5
1069 127 28
652 395 39
179 574 3
169 579 3
876 886 40
853 840 44
390 318 47
283 417 10
917 378 18
335 117 15
653 1175 32
1104 1168 30
653 956 8
202 68 47
24 461 33
1190 205 37
1069 855 27
76 894 6
965 1114 28
719 771 13
393 114 19
535 384 15
737 397 2
472 737 37
923 126 27
441 685 34
996 23 1
136 931 24
998 985 37
555 629 45
599 487 30
1125 1187 38
1020 21 6
454 390 13
54 904 49
363 486 28
155 589 8
666 845 38
35 243 3
224 264 9
534 904 11
366 1085 35
393 923 2
688 1046 16
1072 301 26
221 479 23
158 825 7
19 394 4
209 832 2
718 420 2
1031 243 33
608 1009 10
1108 665 25
857 1103 23
285 227 6
94 54 47
762 573 29
1041 96 38
572 744 44
1158 928 14
394 905 42
570 300 35
162 348 19
522 705 28
639 745 31
661 750 27
1169 1084 28
288 1101 15
449 563 26
945 496 23
918 85 5
500 863 33
1133 866 5
1022 173 33
1097 938 12
81 165 19
612 634 14
252 938 26
207 514 2
1154 642 16
708 984 7
1065 751 19
1058 536 28
638 141 35
1179 609 17
68 816 34
359 1037 22
335 39 36
1042 1163 34
794 402 3
595 793 40
1160 59 7
988 95 43
1182 990 22
621 666 1
1018 224 26
722 940 16
352 953 15
524 766 35
640 604 19
820 88 4
840 574 14
73 336 38
819 24 34
48 46 4
1035 1057 1
414 1139 25
1075 398 23
844 130 2
123 843 2
309 94 35
853 505 37
396 107 15
1192 1197 14
315 391 22
62 1033 32
587 598 19
866 890 13
791 1033 15
577 324 35
333 935 38
120 208 28
473 564 44
226 858 30
875 312 3
325 140 14
43 331 22
538 621 1
367 89 25
995 579 24
5 346 38
11 493 23
297 26 36
68 1145 1
971 762 48
458 946 44
398 1 40
1152 1185 48
1075 764 42
187 236 9
171 468 40
38 738 37
1131 640 10
53 91 9
582 1135 30
1042 833 40
464 909 14
613 30 39
294 438 20
465 566 37
1144 328 21
1149 510 13
601 837 29
153 929 47
717 270 46
158 660 11
152 699 12
193 740 5
845 107 38
522 1149 33
199 21 15
434 59 22
941 944 23
908 822 45
414 154 44
411 85 42
335 525 22
575 137 13
534 877 49
545 383 15
565 1125 32
993 478 47
377 108 14
844 459 2
765 820 8
1064 95 48
733 887 49
967 945 43
1152 779 13
638 1169 42
376 582 1
1041 83 37
286 432 26
813 77 41
1168 303 19
920 428 10
842 371 39
587 257 39
105 303 8
646 971 43
790 403 22
168 480 32
1180 690 28
213 596 3
421 960 2
580 411 45
13 271 18
861 636 38
608 852 6
346 1144 13
948 818 7
342 17 6
160 337 36
737 1006 3
483 1024 13
426 1051 2
994 327 24
495 426 5
874 308 32
596 66 47
62 346 13
639 484 42
1100 855 31
56 442 21
415 402 41
314 246 40
16 103 28
601 765 19
97 835 18
279 249 10
194 1026 42
139 1065 35
764 99 16
165 1030 24
311 32 14
787 961 26
716 773 1
891 548 15
411 845 34
846 789 1
1136 1146 22
750 208 15
695 239 10
732 204 12
1190 151 30
538 631 47
1134 388 37
1039 565 27
483 480 43
666 152 26
646 1030 33
291 724 41
680 1050 17
1175 67 25
407 828 15
1145 40 45
583 665 20
462 397 40
987 826 31
376 1100 44
1002 743 10
191 598 38
463 151 25
12 628 17
733 687 5
258 156 10
539 774 19
664 424 40
57 120 39
1103 811 10
832 1047 45
646 788 35
947 1092 6
680 1025 29
785 633 34
220 89 12
888 119 19
626 633 37
186 588 41
780 931 21
584 687 11
1116 655 29
399 933 9
1052 937 28
278 203 44
270 644 46
683 198 26
231 842 2
876 1076 38
735 272 27
985 28 20
387 692 17
984 537 22
823 473 15
482 461 17
86 986 34
534 1017 40
417 784 30
473 342 34
1063 305 36
738 242 38
568 75 47
440 234 12
812 643 2
1013 1045 48
157 517 8
120 167 19
176 856 39
489 435 48
437 191 14
1196 274 1
17 1022 13
721 857 40
244 417 41
727 715 44
301 778 17
614 659 17
1152 467 20
284 96 10
625 381 41
718 928 30
1153 300 35
918 1145 3
309 1157 3
359 270 41
814 274 44
74 907 34
525 252 9
1029 180 34
885 305 38
705 867 5
906 68 10
482 603 1
719 237 7
414 781 46
111 1133 5
892 657 18
357 1161 13
688 698 16
1141 1125 43
881 119 42
39 991 39
246 635 49
487 1059 23
836 940 12
316 347 9
349 1173 1
761 132 2
606 740 31
799 1081 27
99 431 44
4 78 15
164 613 20
800 951 33
984 241 24
1175 1031 6
445 516 2
357 902 49
1105 1049 37
456 629 4
844 1198 42
574 154 43
901 804 43
670 262 34
202 343 20
681 743 12
542 1057 33
48 951 2
11 332 12
1014 676 36
201 618 28
885 449 21
683 177 49
981 84 32
573 530 10
647 418 25
176 458 9
28 122 15
112 957 38
285 488 47
552 1067 25
853 530 38
454 539 33
132 905 32
795 1112 3
599 199 17
823 723 34
648 888 23
333 5 6
562 479 33
536 443 23
98 800 35
1036 1088 16
517 83 21
116 991 9
1000 72 12
694 921 27
311 633 34
1073 1125 8
332 948 46
1126 1094 44
987 626 16
1057 1052 17
1121 628 35
1093 442 32
588 747 36
135 641 47
192 292 31
289 168 19
874 738 34
279 299 26
837 682 18
529 869 45
218 1143 5
95 830 20
89 258 48
1029 1034 45
1157 551 12
228 1161 23
822 711 26
1166 1177 47
225 843 5
603 827 26
809 861 17
594 489 45
920 587 19
733 551 49
870 836 43
147 660 38
77 445 7
255 192 34
799 232 5
70 164 16
1063 1047 41
432 930 16
1057 127 39
2 518 34
252 910 3
1008 251 48
1 508 31
641 1087 28
15 667 41
512 203 19
511 966 22
709 190 35
1060 945 5
20 913 19
608 603 4
1133 850 44
1047 754 9
40 667 15
418 892 19
194 1130 12
306 223 14
368 294 12
843 272 10
1122 503 4
426 323 28
1047 1037 32
568 293 14
996 916 48
516 302 18
417 1159 26
823 375 4
680 589 38
466 51 6
671 399 22
755 151 42
355 663 11
964 1099 45
872 1137 41
939 1016 30
64 276 12
818 1035 47
613 1084 9
691 1001 3
82 945 45
360 102 20
1016 96 29
198 139 8
431 900 21
372 756 44
316 532 48
842 597 49
766 28 28
881 682 28
321 1109 5
924 1076 5
481 430 24
871 189 4
250 785 7
691 448 40
1122 69 43
943 233 40
633 228 38
545 823 20
995 674 22
141 876 13
564 676 20
20 1056 21
259 78 6
1189 290 6
645 622 12
948 951 30
1136 939 27
1009 1173 26
370 104 21
965 1071 42
1083 486 14
1047 450 11
785 684 45
666 1147 31
481 488 20
416 161 36
488 289 32
867 90 38
588 719 42
791 648 39
370 821 33
1154 1086 33
284 423 13
223 209 17
763 65 28
495 1030 10
252 479 39
603 1074 11
1054 239 8
112 361 41
625 489 49
633 897 9
691 1130 23
889 28 48
1168 782 35
79 148 11
245 496 24
353 743 24
726 427 29
295 774 33
555 80 36
615 1141 37
1092 998 17
637 451 43
117 684 30
866 813 44
687 985 3
1087 588 12
662 635 27
695 926 7
864 485 3
488 379 45
1054 512 20
357 71 30
454 725 32
1049 1067 32
557 1009 44
1171 7 5
1169 461 29
823 491 43
864 250 39
683 832 15
78 716 31
192 620 3
53 883 19
640 293 40
446 411 26
471 324 35
676 676 3
346 116 36
900 1003 41
210 876 37
915 679 33
862 128 17
216 198 16
168 952 12
21 1193 12
284 578 43
202 770 1
80 1020 48
842 1176 19
1101 796 3
190 154 23
1041 639 16
771 692 48
561 354 39
572 720 46
1036 587 28
910 991 5
452 297 42
867 529 24
233 347 2
798 1056 3
127 318 42
123 177 13
2 802 18
530 654 8
454 28 34
484 23 49
1186 555 42
778 115 25
76 818 12
1098 436 28
526 122 14
837 536 35
723 190 18
1115 1144 3
726 1024 3
874 563 3
1124 360 25
1105 554 19
1026 567 36
705 978 12
487 767 34
659 434 41
297 609 36
639 849 25
245 1075 48
931 142 32
753 619 5
667 187 6
715 615 19
692 337 47
409 1023 39
514 103 40
1052 804 17
1011 514 33
1069 788 19
112 446 36
517 809 7
494 1038 27
455 364 41
692 1100 17
979 1142 19
908 761 39
369 776 40
853 825 29
829 354 11
1053 207 10
244 296 37
313 1193 2
995 955 4
945 940 43
808 469 14
1140 887 47
466 1181 34
835 834 18
504 663 2
425 386 40
596 872 34
1159 1073 43
767 246 18
337 1172 25
125 349 29
609 789 16
1147 754 23
392 919 44
938 956 21
698 1134 46
528 666 21
194 232 45
1032 803 39
486 441 21
294 1055 18
267 898 29
707 169 8
593 904 37
727 447 15
624 333 3
830 530 47
656 460 12
578 125 7
454 150 11
755 385 40
1176 1040 23
730 153 1
921 101 2
423 1056 42
811 325 39
486 799 35
27 915 38
486 1024 32
434 947 10
911 274 2
292 818 18
885 808 18
389 349 29
166 395 34
494 585 45
0 37 21
1146 591 2
957 949 20
228 627 44
229 665 2
861 777 20
328 783 13
600 228 3
596 482 29
505 473 39
620 944 46
1065 1058 13
170 923 7
92 2 33
157 489 19
1190 680 14
1031 668 16
875 598 4
19 1140 26
777 880 17
585 436 38
842 703 42
968 614 9
248 396 16
545 1111 44
629 1161 22
392 233 43
1025 477 17
502 340 37
182 604 27
865 1091 26
707 548 15
484 169 13
1033 1144 36
916 1070 4
15 812 13
638 460 40
463 473 1
142 1046 45
1032 291 28
636 320 2
175 898 13
490 452 20
460 711 34
982 698 26
956 401 37
487 767 41
110 489 4
608 262 12
344 2 46
971 384 16
147 231 27
850 407 16
614 919 29
445 199 41
14 906 23
676 490 39
470 1048 31
1156 111 4
863 318 43
846 31 22
421 998 13
109 764 37
143 252 29
512 838 7
189 463 36
1072 890 31
818 468 3
1000 422 40
987 81 22
752 193 41
894 918 6
624 886 31
996 1141 43
680 468 46
439 527 42
309 1113 47
639 51 21
408 835 47
300 457 14
766 945 39
605 217 37
53 923 1
1097 342 16
347 232 31
606 580 16
250 290 13
1113 1092 45
955 242 37
1160 943 8
147 259 48
1072 1050 49
964 162 11
908 526 34
196 558 16
1187 158 34
531 634 18
942 607 2
491 628 5
308 952 11
316 1021 16
709 308 2
202 853 46
1177 665 31
1155 998 10
362 137 21
860 641 1
328 481 35
321 1184 36
424 1066 49
961 840 46
221 1190 7
560 748 42
1024 871 8
51 1034 7
145 863 5
262 10 45
342 834 33
231 1025 39
1010 1185 48
415 455 29
428 701 27
1022 572 27
530 667 7
56 207 20
547 1144 15
607 288 12
48 430 37
286 627 40
1063 130 4
576 404 31
52 596 46
286 184 38
917 342 14
563 530 40
588 377 34
1044 474 38
1125 60 23
1035 512 26
152 857 46
960 404 6
547 115 21
581 967 39
832 414 11
107 759 39
569 1095 3
144 75 3
253 212 3
790 761 28
186 145 22
1034 679 44
346 536 29
540 213 9
541 260 45
917 1060 2
152 591 8
412 1117 38
824 1147 13
172 742 42
31 1004 36
851 564 14
6 799 11
222 273 48
948 515 17
873 957 48
152 225 21
827 1023 3
218 473 9
991 623 4
774 1158 3
253 558 19
1103 552 46
221 188 35
986 222 33
794 745 33
553 66 29
816 518 31
431 293 40
1020 1171 31
480 782 25
82 152 31
973 701 40
866 202 31
1152 912 3
473 761 49
1112 219 37
421 784 12
9 1103 18
827 815 36
959 1132 24
787 1065 20
92 693 20
1094 1059 16
432 1121 44
513 964 22
1010 566 18
1072 1091 36
570 970 14
188 17 6
950 995 11
928 533 16
664 863 11
1149 905 2
234 1017 36
82 326 15
844 827 34
1126 857 42
912 41 36
1092 650 2
263 301 33
931 398 19
212 1139 32
838 583 43
137 1016 26
1182 177 13
616 547 1
134 69 42
173 148 5
808 922 41
665 462 12
1171 646 21
1091 82 38
850 868 45
281 398 47
1134 4 28
100 526 31
881 321 35
338 50 20
1151 1072 17
26 834 20
100 638 9
142 715 16
698 1110 30
1014 128 7
1090 402 36
592 1188 34
507 630 35
1193 309 12
884 36 45
912 790 14
336 0 16
1115 806 42
203 377 10
82 539 13
664 480 18
519 556 28
717 1013 12
217 785 11
3 658 25
152 281 18
449 877 44
5 590 49
857 106 49
171 1013 42
1056 397 7
1082 544 30
880 246 11
202 1172 32
17 487 20
417 801 46
415 1134 19
286 52 30
1133 542 16
264 783 32
919 1190 44
246 1136 39
209 967 24
913 160 25
220 425 7
943 756 13
1137 883 27
773 96 45
84 153 6
1159 132 10
909 951 37
856 203 25
650 1168 19
392 1019 5
306 176 9
521 685 35
481 513 16
443 1041 48
426 190 22
1120 231 10
533 232 3
374 106 12
883 41 33
932 34 33
867 1093 39
1002 792 19
1136 356 47
434 1166 34
53 52 28
310 186 44
758 136 15
677 266 25
834 1151 45
481 402 2
1015 930 26
948 788 7
818 467 49
563 171 34
195 758 35
884 578 19
431 428 9
1111 351 9
889 302 6
844 187 12
112 1080 41
128 689 41
800 827 42
818 124 45
528 247 48
1115 586 40
412 1196 11
950 1139 22
670 508 36
1194 553 41
460 475 48
662 540 32
471 819 29
522 193 28
863 380 10
515 1042 5
586 605 47
60 570 24
789 908 11
1025 1115 40
42 918 31
23 1183 22
996 1173 39
458 250 21
907 297 8
676 517 42
81 619 3
272 141 12
407 394 12
382 644 10
74 826 15
1075 1150 20
142 611 46
1115 537 30
390 814 48
122 19 33
938 797 27
554 823 45
174 797 20
220 895 44
1172 849 22
98 333 40
311 341 14
596 965 36
132 653 37
429 94 38
1017 1158 7
342 796 27
770 70 26
744 811 39
556 652 16
553 498 8
695 996 23
861 79 47
1101 965 38
769 862 27
926 615 18
763 9 11
12 1174 26
983 922 21
731 451 30
771 1150 6
1073 189 11
68 976 25
642 454 5
681 108 31
226 985 25
811 155 32
1114 642 33
1017 282 40
27 757 31
598 137 31
810 819 31
1110 259 2
817 223 28
953 466 28
47 774 12
1139 575 15
186 633 10
866 719 16
419 801 12
607 123 28
306 1037 8
211 385 9
709 1097 12
398 194 43
621 537 47
418 1027 26
486 107 46
73 1056 26
842 658 25
848 416 5
696 352 18
605 399 40
979 1017 27
491 28 47
49 152 5
160 134 32
704 480 38
138 448 14
770 500 2
431 583 7
765 402 34
1003 910 24
637 703 44
712 1178 46
676 16 5
388 1102 38
712 828 2
714 763 35
807 718 42
773 747 15
144 129 42
553 747 5
324 42 6
1147 305 44
399 985 14
64 492 3
1043 354 30
1165 1014 11
439 631 41
749 118 34
981 992 13
100 899 42
1136 1096 17
495 780 30
569 528 49
413 48 8
1103 15 48
585 93 36
396 1009 41
290 864 27
700 765 15
660 220 37
714 697 37
611 31 40
945 199 15
808 135 4
57 396 4
1144 704 2
957 22 26
425 1031 37
657 202 9
701 428 40
920 1128 36
584 697 1
1192 670 1
1138 623 7
689 1174 7
1019 37 31
905 1 30
317 857 7
1058 100 47
347 165 22
870 857 6
525 123 41
972 494 33
30 723 37
396 627 13
457 133 32
1007 775 14
923 789 28
528 233 34
1151 931 10
170 399 19
316 682 3
716 1122 44
835 280 27
791 512 18
501 933 30
1073 428 15
200 1173 44
484 211 20
1057 914 25
740 1073 31
855 1158 10
1077 173 25
631 754 31
333 231 10
615 260 2
958 251 26
263 246 18
1101 930 43
582 540 27
56 216 24
616 843 47
317 1161 27
359 646 9
367 354 11
454 213 4
1007 713 45
934 500 16
715 925 34
43 668 5
358 1042 12
746 74 14
57 70 30
1075 855 2
692 883 22
142 962 10
668 657 3
852 161 43
945 345 17
560 899 42
748 902 19
481 944 13
661 143 31
73 650 39
600 675 26
707 839 10
995 669 34
551 1185 38
248 325 33
1034 874 25
170 687 8
789 16 15
236 1155 33
216 886 5
133 1157 20
698 397 14
919 43 49
605 990 6
175 818 6
1037 357 6
19 707 21
10 140 12
1176 732 47
394 846 16
55 1007 23
677 1036 47
830 314 11
743 20 36
191 193 48
909 737 10
210 949 38
949 73 39
1197 66 47
745 1035 13
518 298 21
429 1174 16
124 436 29
748 936 19
498 809 31
545 449 8
285 849 5
26 424 38
25 1114 12
234 786 13
881 398 8
466 333 26
303 70 39
823 348 23
724 881 7
950 615 30
1199 429 46
572 468 38
1186 248 10
362 1051 42
894 837 21
610 32 46
894 236 48
736 1183 49
523 169 49
462 191 1
21 432 38
276 143 23
371 703 21
577 1196 15
149 737 23
336 973 11
882 776 14
51 722 49
900 998 14
1042 818 27
1059 756 29
706 876 25
944 323 2
1122 737 36
309 447 43
758 911 25
347 324 13
165 245 43
1191 838 47
546 108 27
326 1179 28
180 911 5
1127 382 6
952 378 38
1086 219 46
241 526 42
882 514 34
172 298 28
52 616 15
346 390 27
132 635 30
940 65 16
1028 110 49
385 1107 28
746 303 40
1081 455 17
576 744 39
714 459 30
167 903 45
712 1195 11
876 1170 44
219 1153 30
160 740 40
205 343 39
992 809 4
88 770 18
110 333 49
1198 202 47
872 242 35
349 1043 25
762 1020 18
742 254 21
655 862 24
1001 346 34
110 1044 39
371 6 41
935 799 47
444 905 6
841 454 36
771 530 45
695 233 14
1091 768 22
824 488 34
771 755 35
120 379 17
351 127 38
95 960 49
338 641 44
699 1092 47
78 753 12
86 533 34
211 912 23
636 426 21
1091 497 1
896 817 16
942 992 19
422 107 17
909 1151 18
11 711 22
1138 41 24
588 1129 14
700 838 34
624 525 2
1180 998 34
586 937 14
52 125 44
878 1030 2
1031 1188 44
882 5 46
1114 341 47
516 412 25
1179 208 33
990 1114 10
17 965 34
593 87 11
759 787 25
385 693 35
523 218 18
80 605 38
587 674 34
264 1027 42
219 7 43
753 111 33
600 305 20
636 481 44
1105 24 38
113 235 3
810 593 43
427 696 21
584 100 43
152 1191 1
388 606 22
738 1094 31
1095 561 9
938 603 1
5 1007 6
841 878 31
1094 972 38
63 364 24
644 86 42
786 787 32
1157 471 14
125 76 3
846 638 27
609 261 21
812 262 39
310 859 27
717 1023 38
1077 217 8
337 170 24
139 106 40
138 587 23
5 6 24
361 350 3
367 37 19
134 487 28
772 190 13
844 367 3
885 404 27
888 868 32
166 472 5
671 1001 28
58 1038 10
418 941 37
421 313 21
898 967 9
769 1044 13
1085 943 10
900 587 45
746 268 42
758 338 28
1060 187 37
1033 883 3
1036 1082 16
585 663 1
140 1183 25
675 193 22
897 38 24
672 1012 15
722 880 41
600 138 36
1079 955 30
807 520 49
967 1194 43
868 459 22
286 1042 28
163 232 31
40 721 28
630 1139 8
431 964 3
859 621 15
472 1094 6
607 1149 36
767 381 33
992 995 22
447 841 21
662 92 42
579 724 47
171 1100 44
994 692 43
185 734 2
1176 709 48
841 476 31
920 770 1
82 48 23
560 320 40
106 112 23
384 805 15
1088 730 48
153 121 2
39 1000 38
326 379 28
332 701 21
387 1122 32
371 655 29
1172 922 26
1128 258 17
1187 517 24
659 1084 16
878 925 33
1102 770 24
135 840 42
134 482 44
711 601 47
252 970 21
659 26 13
34 864 15
1198 1066 7
197 1019 20
636 457 36
631 1122 46
1073 730 9
597 499 16
858 587 16
350 145 33
626 344 7
647 441 28
166 733 20
635 782 13
263 988 22
488 13 39
23 238 19
521 1055 11
206 563 7
768 801 23
625 1161 30
87 453 44
754 663 20
691 146 12
713 463 36
979 177 4
864 239 28
1048 85 10
908 402 40
839 108 48
101 784 28
537 626 20
112 956 31
654 692 37
127 916 9
106 519 4
693 795 16
864 592 2
109 784 4
1188 823 39
429 927 18
4 546 42
1053 724 5
1169 70 43
1021 999 27
894 1175 46
484 100 18
844 130 49
490 173 34
68 556 39
693 780 25
754 293 30
732 886 16
270 364 23
203 243 49
333 11 4
836 696 30
447 702 41
22 1039 24
1065 491 14
393 154 41
248 650 3
1057 747 14
76 18 49
1034 944 34
1048 331 2
546 835 10
514 1076 26
961 234 11
328 410 45
1148 349 42
997 56 3
652 390 33
3 602 31
161 375 15
1115 279 47
534 1026 37
1012 10 41
615 78 40
1022 248 25
964 326 25
455 732 1
661 49 22
938 854 18
676 51 34
663 141 36
808 1049 4
1154 964 33
247 295 7
459 634 34
40 343 3
285 1029 37
925 291 36
168 442 23
768 510 23
715 1064 26
1048 695 12
744 797 42
858 344 43
1176 930 13
267 349 7
528 1116 20
975 1018 24
349 970 20
935 885 30
566 232 3
911 1110 26
711 594 26
827 97 30
337 846 5
775 1096 36
426 1021 17
846 193 9
609 841 10
1045 798 37
231 1023 33
950 69 18
268 872 2
635 388 37
367 289 16
316 1015 33
165 547 11
195 935 27
281 326 39
345 648 45
745 1088 46
900 192 7
35 55 49
667 822 31
1018 272 16
84 1148 31
433 1023 42
440 88 5
163 971 49
601 1005 7
999 893 5
130 889 36
544 976 49
774 348 6
304 377 33
844 747 38
717 549 17
641 690 4
958 740 16
436 596 40
820 1097 18
245 485 21
319 702 29
229 278 39
751 37 14
743 225 4
395 636 42
600 1128 9
1064 340 48
1071 93 29
1164 387 1
239 357 18
150 37 22
35 105 29
719 245 5
658 401 13
247 489 26
682 920 4
610 748 10
894 40 36
1040 392 27
607 200 19
1036 727 1
783 397 15
561 881 7
532 248 14
740 353 5
684 339 20
602 482 17
984 647 11
276 475 12
666 189 3
809 467 45
873 216 39
626 97 17
657 633 48
1106 824 33
48 1138 35
1004 132 24
556 698 49
500 171 8
150 879 1
766 80 41
36 151 38
862 436 18
1000 48 27
505 613 12
899 1169 31
1138 1055 18
879 112 25
73 698 3
830 801 15
1084 186 6
1142 427 14
104 1150 17
183 589 7
227 755 15
814 732 11
879 45 37
715 560 27
658 59 1
723 1048 43
636 104 2
464 675 33
851 1029 34
207 1009 29
1010 74 22
734 1133 32
765 755 17
498 246 43
499 98 13
534 660 43
680 679 11
349 390 45
337 365 29
597 228 8
1147 725 31
199 205 40
297 984 6
798 29 1
663 937 20
969 690 30
288 97 15
223 483 13
391 993 3
934 432 30
63 193 14
1129 1134 41
23 282 6
552 842 9
434 1076 9
704 1191 43
591 865 36
103 1037 28
383 496 25
1194 952 21
959 177 33
995 675 1
289 281 34
928 374 43
916 895 22
220 395 29
93 6 34
399 362 24
591 672 3
503 1068 4
753 118 18
1037 981 30
1093 923 11
672 892 28
905 418 30
338 65 8
885 936 20
1122 305 49
352 876 12
132 990 28
228 195 20
451 285 5
1194 620 44
1097 295 1
166 968 10
645 1027 41
604 1141 34
851 621 14
174 149 13
181 139 49
394 103 24
1044 535 25
371 1049 4
316 862 48
278 685 31
241 530 13
216 1029 13
509 534 49
890 462 20
166 598 6
382 352 22
671 293 46
155 437 48
827 379 44
1187 940 20
599 474 34
452 519 16
105 1131 28
509 695 40
943 185 8
594 64 15
719 391 10
361 602 41
318 993 3
175 179 45
967 205 4
59 1134 16
21 324 2
514 712 7
621 848 25
1132 769 18
777 1193 29
37 22 3
399 1143 37
335 122 41
696 1009 20
431 92 5
1068 698 15
517 578 42
366 1016 4
846 1185 48
1142 938 37
199 428 4
1025 721 17
235 954 40
509 985 25
410 460 12
198 561 13
29 1001 17
905 551 34
342 409 27
635 985 32
330 350 48
269 817 40
166 794 44
965 717 7
1016 309 46
631 171 36
267 1135 24
111 622 48
947 820 10
342 47 23
28 779 46
1129 737 12
576 630 4
1057 777 41
4 1126 3
610 352 22
79 895 15
845 577 4
141 777 33
503 183 21
1113 76 40
272 829 48
878 868 13
719 343 42
357 1080 14
167 817 24
1033 1142 3
457 294 44
849 698 18
786 1027 32
83 854 24
79 1030 32
602 632 46
223 1056 30
450 681 11
905 538 22
861 483 35
836 814 34
949 790 11
1173 311 46
762 131 26
28 1004 46
767 781 38
1128 927 28
23 821 44
851 693 37
574 929 2
625 982 16
11 387 19
751 505 44
279 576 40
1182 550 1
782 1081 46
32 852 30
261 912 13
687 1057 44
591 263 13
259 896 34
461 80 11
767 876 30
821 1140 9
464 798 41
355 1079 37
645 639 15
62 453 47
364 687 49
181 263 29
746 1183 42
770 66 29
946 691 8
126 982 30
1164 833 24
1192 485 22
1096 439 39
920 500 43
258 529 2
627 359 20
132 67 21
902 274 23
97 522 36
373 711 27
1130 60 21
1005 1120 23
354 284 33
785 1029 28
134 277 14
639 966 16
714 221 13
798 787 23
104 183 2
309 494 34
532 312 27
232 886 6
1004 1093 12
398 617 47
14 67 48
515 734 12
53 694 10
209 630 41
83 999 5
537 337 16
141 879 47
852 124 15
37 303 16
784 494 30
302 183 47
738 167 30
546 725 27
143 884 18
289 95 24
221 274 4
670 1026 13
598 1109 34
35 427 2
675 147 2
393 738 19
127 201 39
256 694 35
302 1099 5
684 701 1
759 793 4
487 331 6
434 1178 21
879 868 46
857 557 6
816 620 4
33 391 4
610 128 41
16 642 22
1074 416 34
810 619 28
1142 1120 3
253 162 6
578 606 47
942 909 46
619 124 9
123 226 20
61 599 23
1056 403 42
279 429 3
163 105 13
91 1003 47
499 156 37
688 729 18
1137 530 26
1051 764 18
1018 153 18
226 520 22
113 355 49
361 1044 22
1192 529 36
893 183 40
1132 329 4
344 344 48
1117 97 10
105 595 43
1162 95 6
881 121 37
69 579 19
1073 914 23
311 706 11
483 35 41
1029 230 45
1059 794 10
223 407 48
684 590 10
1012 1020 13
303 997 45
626 141 2
288 1194 30
928 4 15
991 219 9
631 467 5
548 677 25
493 798 6
431 881 32
50 774 24
858 175 24
588 105 2
1107 893 17
1189 1156 26
293 189 2
682 136 4
625 877 28
543 1118 30
1053 1056 6
769 217 40
623 418 26
716 569 26
743 634 38
977 474 48
319 1130 14
705 1001 42
11 882 25
886 980 38
737 774 24
74 790 5
675 969 17
978 262 23
954 1099 13
16 150 12
207 582 25
407 546 4
655 586 33
722 883 18
132 231 5
855 585 4
489 1099 26
1060 175 22
776 106 4
1061 785 23
193 827 2
544 100 17
681 91 36
1099 675 8
853 852 41
619 285 37
610 295 9
560 103 14
127 701 21
719 62 36
693 106 24
492 237 10
893 593 8
777 225 28
1175 219 21
631 877 6
1176 276 9
402 952 12
872 598 35
808 1175 43
1053 561 18
1045 1059 11
893 833 30
908 195 26
402 969 16
34 947 1
108 562 12
1036 46 28
986 381 17
1147 1152 26
578 772 11
130 572 25
1191 594 30
771 454 27
456 513 48
857 1135 39
608 572 20
134 265 6
957 687 42
17 943 8
535 893 24
265 540 47
60 90 24
615 1072 32
134 584 34
925 1008 33
921 411 22
121 601 11
799 589 19
518 954 13
233 763 27
25 776 14
690 38 28
957 741 42
1192 483 28
1178 68 3
288 589 46
892 1057 34
156 727 6
617 531 20
306 328 3
1067 919 19
695 431 30
769 1075 42
824 159 16
422 202 6
118 185 49
561 1170 35
831 277 2
573 604 44
784 94 39
984 1185 39
1135 189 18
932 991 34
735 661 1
205 307 32
904 205 28
817 807 32
436 104 14
882 548 43
806 715 2
348 802 4
321 916 7
862 187 34
44 475 4
146 1191 18
758 836 21
46 687 36
594 1188 36
255 1148 18
922 1037 12
672 844 13
742 974 35
42 21 6
56 1087 34
407 294 41
395 944 45
909 140 36
1013 1060 11
933 541 26
979 1090 24
587 53 8
495 997 20
337 825 38
124 434 7
388 1195 42
1146 558 17
484 993 36
930 923 33
124 711 39
355 474 8
1151 29 35
874 112 43
935 702 35
1133 496 36
173 755 42
248 506 4
918 455 5
128 1170 34
731 626 17
788 184 28
369 492 6
563 704 40
476 350 43
224 162 18
105 1164 24
232 801 48
572 217 11
565 632 40
719 381 24
929 650 8
284 640 32
149 439 30
274 492 13
950 443 18
911 1196 8
935 379 8
162 126 41
778 817 6
688 1035 42
431 289 18
176 796 48
250 1031 17
1162 1052 20
256 991 6
1007 1155 4
1177 566 30
461 613 3
117 344 45
577 84 36
169 1060 12
351 69 47
925 503 7
1 389 39
640 869 23
890 472 6
744 395 19
968 318 41
390 1126 8
629 67 25
362 889 4
1038 274 27
302 357 28
746 362 5
725 128 3
885 603 15
1070 661 30
302 481 26
387 242 30
10 840 11
168 218 24
821 315 42
775 694 17
393 156 42
261 337 26
354 1195 39
922 1058 16
1122 868 47
1195 675 45
977 545 6
518 319 32
479 795 25
479 936 40
872 1046 5
728 822 16
760 1038 39
379 263 45
1160 314 34
437 261 8
121 17 45
760 955 29
164 204 43
595 1121 31
593 487 21
141 839 2
1196 1033 31
86 1128 40
806 742 18
424 215 26
875 964 43
1152 1072 10
805 783 7
27 400 32
1065 736 13
793 1063 32
426 841 39
1123 953 35
33 525 29
1196 907 6
753 258 18
989 103 8
818 141 33
692 97 32
799 999 9
456 37 27
3 43 1
597 268 28
939 624 12
263 392 29
496 307 14
542 849 47
711 1039 24
1023 809 11
544 550 41
402 483 6
99 134 35
1155 847 10
675 371 6
15 433 16
495 380 30
842 383 38
146 368 49
426 199 9
707 197 2
1094 298 36
948 123 46
720 517 20
460 1054 10
357 809 19
633 1101 5
705 777 46
173 1173 40
666 89 43
1117 551 9
72 736 39
651 907 32
1028 201 36
298 930 14
1025 660 16
169 1143 27
279 102 22
346 1189 4
23 297 10
879 622 33
249 335 23
977 752 16
1065 513 26
303 334 27
616 1022 46
246 463 31
987 1043 33
757 71 39
608 835 23
248 729 8
540 837 27
1134 598 42
372 978 41
84 128 38
799 529 24
349 1043 16
824 301 16
145 511 34
821 7 10
180 422 49
70 1120 47
348 1028 23
642 459 33
674 573 12
323 827 34
262 696 17
1193 584 18
463 352 17
332 270 20
749 392 46
514 1196 9
1096 1185 32
101 571 42
347 172 22
723 920 48
178 576 10
206 468 37
270 155 39
799 347 48
486 907 48
836 423 28
892 222 32
932 765 19
1099 227 26
525 843 12
1009 670 23
142 1020 38
165 171 38
404 112 37
254 368 46
312 604 11
1079 1067 46
10 1111 7
916 350 17
262 1015 11
1126 554 33
79 641 49
122 648 9
498 1090 9
827 136 17
868 279 17
647 127 49
801 309 15
1003 1142 41
589 656 21
894 884 23
1197 569 45
826 1131 9
804 563 14
258 491 30
1037 1056 10
320 352 8
728 397 12
758 976 38
126 1138 14
896 1170 14
787 398 46
55 1172 38
900 697 11
1074 1081 14
459 787 1
309 1056 16
213 833 8
9 22 16
451 1195 34
1025 273 24
218 1067 16
65 217 27
311 495 13
1054 12 38
13 512 3
543 1137 3
649 500 10
979 453 16
313 848 23
208 154 20
467 833 32
640 954 6
356 1110 7
119 737 11
1067 1169 5
399 1104 2
781 679 31
40 463 11
1070 755 26
551 785 45
792 641 20
1095 690 1
293 1016 25
449 899 40
237 422 24
284 802 42
449 779 22
41 888 46
98 36 41
723 842 25
225 204 20
57 904 5
19 630 12
493 827 38
198 809 23
927 817 18
891 73 37
358 447 43
271 33 10
277 75 14
736 655 29
1056 652 9
818 236 4
793 798 46
745 845 32
534 574 2
773 948 12
154 805 17
96 313 8
352 699 19
1162 310 27
727 1089 4
952 284 20
1083 872 45
162 1101 18
384 68 10
27 727 14
131 31 47
975 246 18
473 372 41
936 671 3
1184 112 28
1152 304 25
553 243 30
1156 914 13
622 199 31
515 964 46
321 850 4
842 667 1
1188 352 37
377 176 14
107 593 37
809 879 16
119 426 32
332 84 24
301 207 3
171 555 11
463 794 3
1194 953 5
816 504 43
55 885 12
989 619 34
72 534 20
334 572 33
699 727 33
375 566 26
42 1085 15
393 207 8
905 947 35
577 464 23
639 797 21
161 559 40
589 670 14
413 173 12
433 764 17
1066 170 10
1126 371 32
238 525 44
375 41 25
744 986 17
43 943 28
836 475 14
385 820 7
774 201 41
503 505 45
124 607 6
1186 1055 46
87 982 49
462 282 44
806 309 22
1134 898 48
791 787 34
179 951 23
783 830 34
877 793 17
610 195 41
126 773 28
496 392 18
571 869 48
763 1094 25
1006 258 11
575 869 35
352 903 15
981 843 18
1016 307 24
680 521 41
678 1174 19
918 799 15
689 12 17
423 1175 36
127 241 14
750 1146 11
640 340 16
1143 691 20
62 291 3
401 1112 2
88 622 17
106 887 48
152 627 41
661 1056 32
175 705 8
754 1089 43
439 244 47
119 1015 35
1094 200 15
1162 182 46
77 665 2
735 644 33
104 9 29
1181 889 41
306 420 28
168 412 12
67 261 44
687 883 6
790 686 12
280 7 32
71 541 20
617 870 40
246 640 46
1026 288 7
633 147 29
1147 16 16
811 737 5
531 485 6
661 37 46
47 1124 43
658 264 48
422 832 47
954 548 16
582 268 31
882 199 27
149 21 47
1113 282 21
1079 781 6
367 722 20
975 1154 2
378 131 35
173 120 24
182 922 26
518 996 30
36 461 24
137 911 44
224 659 26
125 423 29
873 806 17
17 13 3
230 1073 5
479 299 23
1120 1156 9
769 830 12
423 972 6
338 298 34
1187 467 7
418 497 9
227 917 3
368 688 12
405 572 7
41 1083 9
29 532 27
265 354 21
376 752 18
759 333 9
251 842 28
172 1048 30
220 742 38
423 997 19
829 704 16
501 376 6
571 526 4
651 1184 33
172 675 12
425 252 21
1127 276 24
524 989 27
556 922 36
743 709 40
583 717 24
232 47 14
319 400 14
1096 288 45
1091 142 9
675 1126 23
462 1047 2
543 588 34
330 840 29
3 798 44
475 656 28
316 607 47
587 1105 40
885 95 9
950 908 9
150 703 6
899 848 5
1167 794 39
707 91 19
805 513 29
323 779 43
803 500 12
556 1103 21
1037 830 22
651 993 5
1092 631 23
439 784 20
870 38 47
1195 588 21
739 391 8
189 526 22
16 379 43
455 323 4
847 474 42
154 110 8
489 990 24
950 448 26
11 387 31
340 255 49
883 435 26
809 1048 29
553 346 44
1176 901 46
497 221 35
634 1019 36
488 660 49
800 177 17
450 254 3
248 531 23
493 540 2
678 648 44
851 624 12
527 1166 12
74 506 36
82 981 44
123 506 41
180 345 29
361 564 17
833 168 30
935 1060 18
126 578 16
875 469 3
425 975 4
631 14 43
683 77 4
1017 1011 23
204 1119 31
113 1166 4
471 651 49
437 187 28
357 1030 37
201 70 27
838 1016 17
193 913 12
1130 770 36
836 1194 30
651 469 12
506 1061 33
121 560 7
589 997 49
551 1093 29
260 875 1
753 986 6
805 287 36
669 1160 14
347 1122 36
1064 752 35
253 1138 13
561 923 43
351 1102 3
1135 677 14
1097 333 49
1121 918 10
758 732 42
146 1164 45
895 734 3
810 515 14
453 516 39
302 545 10
447 218 10
62 488 43
166 546 8
54 920 46
739 439 10
1037 615 25
866 742 13
44 637 42
1081 913 7
1055 628 21
213 994 25
683 116 43
203 391 49
987 148 12
1054 320 33
50 1 23
1052 845 3
346 781 48
509 399 6
567 235 34
320 217 43
534 494 44
1059 635 20
1147 589 28
915 570 36
895 998 10
444 951 22
296 123 3
997 1174 14
14 860 35
384 710 12
430 895 18
553 200 46
963 589 35
802 11 19
771 132 16
1178 649 3
539 396 18
485 89 8
521 866 41
643 17 23
982 556 45
720 955 41
55 1192 36
751 868 40
1160 1108 41
406 726 35
88 1007 15
658 1183 27
629 773 32
663 82 48
630 90 3
109 546 43
1120 514 32
951 623 26
1025 647 33
457 1040 34
430 1123 29
1184 122 43
640 720 28
166 295 10
897 537 32
968 284 31
110 1095 30
1005 744 37
955 635 1
1144 992 49
1147 378 40
1187 1002 1
276 523 37
17 544 6
852 122 5
165 571 24
1013 1038 1
65 45 11
29 279 26
837 208 29
847 356 6
148 345 22
522 948 39
202 1045 24
185 453 22
573 831 12
612 890 2
574 651 3
848 1140 1
768 973 31
104 759 38
734 188 43
916 715 38
890 421 49
431 804 46
50 783 36
575 798 12
826 1150 31
209 423 28
937 494 17
536 315 32
447 703 43
1158 748 4
540 508 13
677 934 7
1027 1017 16
673 341 22
277 279 44
62 1109 9
133 2 32
1055 336 17
160 423 13
444 479 44
353 63 25
366 403 12
16 1041 10
921 18 21
1127 1074 33
1005 356 25
728 723 46
168 1192 39
1122 609 28
805 1178 3
177 552 32
646 283 9
285 66 38
203 1062 22
1128 765 35
255 1158 18
76 456 20
459 1031 36
1052 975 26
154 761 7
279 954 42
814 302 47
892 743 30
469 507 10
195 911 41
94 220 47
955 119 43
787 195 38
639 578 39
493 749 8
853 310 45
1169 1090 14
189 347 24
744 1005 47
261 164 12
250 237 40
803 1066 14
769 1016 28
815 226 17
153 545 9
1075 1034 36
175 407 21
347 680 24
726 75 27
914 164 41
782 40 30
1020 1186 18
196 1042 36
793 473 28
767 1046 15
502 1133 40
958 1108 12
878 736 9
972 870 31
768 63 16
511 604 26
171 304 4
600 1060 28
682 732 48
515 47 5
600 931 36
1048 692 5
943 1009 36
944 1060 14
939 908 21
615 804 44
456 1031 28
119 858 25
378 136 4
753 0 15
362 371 32
1042 155 24
596 104 24
711 714 37
394 33 8
863 745 25
760 420 41
1074 743 30
985 468 13
1062 494 19
630 26 25
837 1154 23
913 127 28
822 138 43
215 502 35
556 1027 15
1151 614 27
89 742 3
462 1119 37
353 424 5
334 757 7
870 701 22
586 261 34
926 26 26
727 403 3
339 390 35
1112 1192 34
235 1029 27
764 406 5
1051 73 8
424 651 45
242 485 18
193 357 7
504 121 9
697 729 47
249 121 23
14 378 30
931 359 18
530 238 49
522 357 13
508 529 42
977 364 41
576 1093 45
109 371 33
200 943 15
1175 216 27
577 555 41
693 709 18
966 221 10
359 806 49
883 50 37
1138 537 1
1 1073 47
478 928 18
601 877 35
243 1008 42
928 1037 4
815 892 27
1110 1011 22
880 1020 7
902 1094 18
1167 754 47
725 526 4
540 1088 9
113 848 10
303 196 44
138 399 6
1084 1148 31
355 271 15
223 1151 9
1141 1038 42
687 1127 48
708 211 9
95 442 23
212 86 36
1152 262 19
930 366 38
1082 1071 45
437 193 45
716 781 38
836 859 31
937 976 16
657 368 46
781 11 47
46 426 46
994 369 29
457 713 13
464 1118 36
349 483 14
37 225 28
227 756 18
109 1188 10
527 399 6
984 1016 8
1162 840 24
76 205 41
770 1080 39
611 1098 33
345 802 8
325 650 32
1189 656 19
1126 898 35
369 67 10
245 198 14
443 150 18
746 955 22
968 299 29
475 900 23
912 915 35
254 971 20
478 1172 41
921 1019 1
621 415 11
494 1083 29
125 756 12
127 190 17
557 522 24
817 873 3
725 1049 12
722 449 4
639 1071 4
487 600 35
589 586 32
127 1044 29
917 920 5
159 1115 40
393 339 30
293 666 1
781 95 38
165 408 2
798 325 17
60 18 24
392 365 36
1090 726 11
282 278 48
575 69 48
711 263 16
602 519 19
828 173 6
178 414 40
1123 533 1
167 644 17
826 834 2
189 470 12
199 897 44
931 193 17
254 928 22
50 1165 39
951 712 34
1092 665 11
203 726 37
270 1122 39
342 702 7
990 927 14
721 489 21
1187 1102 4
1065 869 10
812 555 35
381 339 38
391 134 48
830 584 48
396 860 22
791 493 34
1186 564 32
910 673 35
425 63 14
819 1063 27
228 456 15
819 246 49
277 266 22
1012 229 14
1012 220 9
17 118 3
791 769 26
475 1035 19
475 105 15
1143 373 38
606 558 8
419 326 13
1191 765 47
1161 203 48
468 1093 42
876 276 17
662 841 27
697 788 14
261 494 22
985 267 10
420 161 39
461 1014 44
578 560 25
32 126 16
223 207 26
122 1136 41
1144 970 8
158 192 31
196 369 25
944 542 40
1187 989 20
15 936 18
661 420 18
571 382 7
298 1000 44
942 408 31
1120 276 42
263 120 48
561 620 10
57 1047 36
1110 99 30
905 1182 42
97 752 6
643 483 38
1128 676 27
154 505 32
507 908 37
849 658 28
266 841 22
761 24 13
1122 295 10
595 1037 9
324 795 24
1168 170 24
212 732 31
252 330 15
849 221 32
799 815 7
607 486 46
305 1017 30
405 219 11
138 698 27
197 820 38
950 942 42
763 777 8
823 193 18
511 1043 44
358 258 37
547 271 47
486 505 42
998 1160 48
378 149 31
1150 750 9
15 749 20
490 503 30
239 998 15
717 175 49
77 345 8
166 0 14
1049 567 6
833 940 48
591 775 42
778 867 3
1103 345 10
211 1142 21
146 251 31
643 642 19
1025 717 25
753 307 7
359 608 14
834 66 11
227 500 48
393 216 35
998 226 9
943 363 38
447 622 48
318 928 31
24 24 32
367 653 24
94 896 5
120 1154 35
778 112 22
288 280 15
1159 325 30
501 179 11
1059 944 39
96 326 34
286 117 34
6 1195 24
802 1046 17
394 850 7
836 31 19
1001 49 1
51 614 9
1016 475 47
73 872 36
1192 309 37
483 594 23
769 974 44
449 901 46
892 564 8
173 614 17
929 12 4
699 516 1
292 589 40
930 571 28
451 895 19
484 1105 15
769 725 35
162 929 45
717 6 39
108 264 9
212 584 13
1127 74 30
130 106 9
534 830 28
659 279 28
241 543 26
1180 811 25
351 855 30
756 423 30
180 621 29
1117 564 13
246 783 31
95 1085 12
566 293 43
1046 409 7
384 1155 47
314 227 18
367 522 12
119 461 40
867 674 47
174 937 47
560 16 35
58 1034 39
306 1195 23
269 831 14
873 297 49
451 249 44
1133 1070 29
485 273 8
764 65 14
377 97 10
613 609 19
956 655 4
560 694 24
3 849 16
453 495 32
504 1022 45
442 423 49
579 903 38
1131 104 9
207 763 45
525 448 17
1147 584 38
453 587 34
747 22 40
184 486 35
550 82 20
468 65 16
681 298 7
957 102 49
1178 202 13
306 995 23
27 796 3
751 121 22
1183 245 42
624 377 1
918 777 42
96 317 27
703 860 33
265 236 25
840 835 11
468 836 47
870 179 47
1194 135 15
230 41 4
872 248 4
724 482 49
1078 24 21
34 34 49
847 963 27
807 773 14
593 44 2
267 1098 13
720 349 38
5 419 2
543 170 45
1123 1015 22
458 545 40
1073 426 45
140 860 27
921 65 46
574 42 4
999 1122 6
938 861 47
954 1056 28
589 491 33
803 310 48
612 56 37
352 602 4
1170 1081 12
952 341 40
240 1047 21
597 286 24
0 186 44
876 1060 18
625 1151 37
517 33 47
818 410 40
787 687 29
1129 242 2
259 761 29
383 225 17
1195 834 41
726 903 16
550 1129 47
973 702 28
117 127 28
653 721 37
924 455 44
492 1143 30
1052 206 42
279 688 34
283 1050 48
212 772 6
919 152 25
66 294 11
630 413 7
38 21 30
235 891 15
572 721 8
933 675 34
1107 192 18
78 988 30
939 60 10
468 797 17
1135 415 32
704 1180 30
530 1023 39
776 174 33
499 815 9
1049 760 17
330 237 14
720 311 12
590 930 4
304 638 10
704 48 15
741 787 16
488 893 37
878 191 29
534 0 36
1111 769 48
547 1066 5
796 807 48
372 914 42
248 944 3
1142 436 41
38 830 35
1065 1190 25
966 157 48
725 724 7
600 663 11
1019 1019 14
932 791 25
798 462 47
478 7 14
975 702 14
1077 789 45
257 274 3
98 1178 47
987 1181 33
432 28 4
177 374 16
54 616 45
72 1089 41
836 703 15
465 459 14
1066 1084 13
310 469 7
1051 41 30
191 1034 29
519 207 17
805 170 26
669 736 37
265 714 7
709 216 45
1159 1022 18
659 520 2
372 72 1
378 121 6
1094 110 13
773 954 23
779 837 22
7 607 4
917 774 33
317 18 47
129 340 17
1196 246 27
1074 652 20
397 1160 34
779 1158 4
1061 1189 16
101 1026 26
292 956 31
978 479 5
615 777 9
742 767 21
179 322 14
1059 522 16
998 1083 48
250 729 2
479 68 32
917 379 21
795 969 12
355 504 26
360 979 23
996 746 16
227 285 41
1196 985 21
487 790 11
753 726 7
107 369 31
903 228 23
996 839 17
1036 677 46
1027 759 1
1137 678 24
234 683 35
379 130 45
312 951 6
733 922 25
1115 960 21
1041 1117 13
654 669 32
371 445 22
502 715 15
1095 857 26
486 348 7
92 214 15
1070 843 11
932 803 17
433 542 28
1162 1024 31
619 46 24
782 259 18
1022 276 43
313 811 33
1033 736 9
934 878 47
1077 406 5
87 88 8
288 827 41
657 454 7
376 924 18
720 717 32
613 892 6
575 861 9
448 108 43
905 380 15
674 417 41
1084 181 30
1109 886 6
1187 942 4
1045 1193 17
248 380 5
1166 802 2
556 602 41
1171 1171 7
125 420 35
570 716 33
996 837 14
199 867 27
472 855 31
1148 59 43
838 463 21
86 1063 42
452 150 32
691 884 39
3 1197 30
1009 581 22
295 1182 8
292 1115 20
821 119 42
387 944 28
833 973 49
934 336 2
742 857 4
446 1197 3
803 957 40
600 679 3
590 495 40
263 893 21
219 938 36
144 309 31
745 702 27
9 1168 9
741 321 32
824 61 18
1160 33 4
890 655 49
381 1078 36
870 182 14
221 551 6
593 740 17
104 216 44
427 216 19
1017 463 43
319 243 5
68 942 42
1176 964 33
583 1110 37
192 412 35
1107 634 48
197 1075 24
1132 134 20
809 30 15
430 424 17
466 860 18
158 1120 45
417 1030 23
616 578 31
148 1070 31
202 742 9
1123 705 26
170 771 28
696 552 26
73 920 46
311 141 18
1122 215 26
871 519 9
431 544 3
238 732 46
115 905 30
98 847 43
20 719 45
150 974 28
398 732 32
565 172 22
17 1035 6
996 1180 34
534 272 36
1048 646 13
982 762 30
366 971 42
835 956 4
188 482 9
829 29 46
631 448 37
1053 0 35
1155 360 41
1166 276 12
209 1195 39
276 1095 26
715 757 33
469 1121 48
422 856 26
207 719 9
220 772 10
986 988 34
409 70 14
205 214 38
923 545 15
210 1012 44
830 42 11
1083 511 2
1097 853 23
141 884 15
198 972 42
1024 652 11
969 576 37
349 488 6
553 545 17
1121 660 47
596 101 48
382 1006 37
964 179 40
1082 381 43
703 1020 13
1175 1175 19
455 1174 26
266 506 19
1001 489 46
1133 687 11
1036 580 11
1078 691 6
320 507 15
337 967 49
773 549 35
738 958 41
606 775 9
1082 1048 30
717 1177 29
753 926 5
830 323 49
420 641 29
657 111 20
895 754 25
875 386 31
603 890 6
704 991 26
719 836 30
31 351 39
1143 992 40
1055 893 22
1023 299 34
89 343 9
502 111 30
1108 587 9
514 511 26
910 1076 43
615 187 24
967 1050 30
187 172 30
439 253 38
889 510 45
866 1115 46
170 766 40
232 218 5
1006 15 1
618 806 7
192 109 10
130 224 47
1032 409 29
879 599 45
644 839 22
873 768 23
1082 532 45
55 136 9
1078 713 32
715 851 45
1014 223 7
1189 83 36
781 763 47
942 1053 2
959 100 16
1193 998 8
502 1157 11
1063 103 45
382 805 46
768 486 35
508 130 10
1007 444 39
727 685 11
737 899 28
465 150 13
556 1099 8
296 67 38
624 45 39
228 1115 1
263 40 7
299 732 42
875 426 15
747 729 37
918 722 18
650 1074 31
117 64 12
249 587 3
60 254 27
782 1049 18
371 824 49
1069 881 17
128 33 27
1167 655 12
449 461 31
416 955 11
938 928 43
1077 509 31
655 697 39
1010 733 15
906 895 1
477 329 3
73 141 1
1137 962 6
909 205 6
742 1073 44
884 804 30
890 644 40
179 531 36
450 236 29
502 834 9
723 787 14
543 895 41
189 610 41
512 786 36
369 71 14
912 702 15
989 1131 37
958 798 20
797 1109 24
219 1184 12
1084 685 16
256 917 4
1066 773 21
667 4 47
561 381 46
610 926 34
275 910 49
296 176 23
783 825 21
736 641 25
641 526 40
820 107 31
57 266 30
1148 953 11
971 1156 35
897 1160 45
240 572 8
885 941 11
159 888 24
984 673 18
1199 835 25
1128 856 2
587 611 30
894 434 29
539 406 15
676 784 14
814 1001 44
426 199 25
421 354 25
572 580 7
416 174 7
15 1137 46
447 120 26
687 1093 32
286 473 36
357 1012 15
896 154 12
947 902 45
1018 317 41
239 28 47
693 509 49
863 606 48
773 1058 27
487 1050 35
164 1135 9
768 1138 3
755 1123 27
1000 152 46
991 918 7
1135 1071 10
809 1111 44
388 1079 32
116 1039 33
1136 740 26
384 111 26
805 279 12
1176 873 18
650 121 13
729 1192 15
968 923 17
434 451 34
1043 510 30
455 939 23
94 1164 47
789 594 49
1088 869 6
1151 293 16
112 863 43
843 21 31
352 1008 20
339 775 12
10 1153 45
140 429 44
202 588 21
923 74 40
940 1185 24
648 673 44
747 906 12
427 552 28
1160 1140 44
1049 519 46
336 394 16
109 978 12
645 617 17
321 190 49
117 178 13
225 1014 15
584 227 8
943 278 46
782 508 44
338 842 27
851 108 49
500 212 40
238 776 43
385 1120 30
893 682 13
853 910 8
1136 109 27
700 868 25
304 942 10
506 970 33
51 372 5
135 671 47
745 829 18
110 367 20
1078 90 17
605 730 30
1143 403 46
1005 967 18
918 804 49
250 965 34
420 918 37
332 977 28
323 44 37
728 901 21
142 889 29
337 1157 33
1145 53 41
292 239 46
68 484 1
455 809 11
1019 1002 43
706 64 24
943 327 5
887 41 42
103 554 39
316 1171 5
643 919 12
16 867 16
720 559 2
738 1022 33
939 246 11
503 87 38
992 718 7
300 677 25
335 1087 47
808 464 41
959 642 31
768 639 35
5 750 25
47 937 43
789 364 2
95 590 30
197 450 5
576 1010 45
1036 883 26
323 813 26
564 662 37
328 594 23
10 774 1
888 99 18
129 1012 34
679 706 24
838 517 40
222 744 43
769 1141 9
1161 115 48
910 384 26
481 69 3
466 798 11
694 496 22
392 1177 1
850 431 40
874 661 23
846 1132 17
437 5 10
977 65 45
1183 570 9
1151 348 32
979 646 2
642 890 49
417 219 14
785 408 34
1103 1062 33
777 652 40
928 672 1
1038 1126 34
609 254 48
979 1139 41
7 532 5
922 266 3
190 66 30
132 949 45
754 712 15
411 861 7
1055 899 41
986 528 33
433 1096 17
950 334 46
432 4 2
362 302 7
6 676 40
161 891 8
425 13 28
675 978 25
574 136 24
828 330 20
397 1199 26
129 228 37
1185 454 11
429 886 20
140 201 32
969 251 26
750 587 46
135 92 9
195 113 46
609 373 40
754 1006 11
861 621 19
788 1106 43
35 387 31
73 987 32
317 871 44
330 343 36
47 682 34
624 1171 40
738 525 30
302 1018 37
713 305 36
1025 1030 49
302 290 15
123 301 27
657 1100 30
692 655 43
938 398 20
798 313 9
164 485 47
1024 755 44
514 392 30
884 720 26
911 186 5
75 132 11
876 1132 45
246 1180 18
637 1174 5
1138 247 2
489 800 18
525 31 9
133 951 44
1160 311 4
510 724 13
323 663 29
361 440 18
1037 564 24
670 644 1
471 98 48
273 526 38
749 592 11
13 709 9
317 329 1
1107 324 11
653 302 40
782 1168 39
502 644 3
330 516 49
483 49 44
416 1035 39
862 415 41
1027 437 17
738 42 49
562 215 6
760 634 48
828 622 26
627 1184 22
630 403 8
939 22 16
353 77 45
429 60 19
913 767 45
1137 443 19
447 516 11
938 893 4
190 969 25
517 671 47
498 608 5
290 632 27
45 92 2
435 1167 42
568 758 21
1102 331 16
1132 835 36
229 491 27
874 700 49
172 59 44
891 830 10
1040 689 18
1008 1051 4
33 111 12
81 630 3
839 620 22
9 39 8
959 125 38
856 1011 36
1146 808 49
174 158 47
219 39 39
398 891 47
489 190 36
839 660 6
217 637 37
219 1135 9
767 526 5
64 435 32
984 600 18
435 1134 44
788 861 31
987 41 7
245 907 8
159 71 1
593 282 24
696 949 44
560 908 11
1109 96 46
368 980 32
743 373 11
897 410 23
1047 1075 33
443 118 18
1130 154 28
952 1001 27
938 232 13
225 664 4
759 866 31
1004 451 43
1054 1161 39
191 110 32
1066 787 16
501 645 43
982 140 44
699 178 15
335 1079 42
1078 107 12
276 1018 12
1012 296 33
463 745 6
234 860 43
275 206 39
412 107 12
428 340 39
444 954 37
482 863 16
271 938 13
207 742 35
667 1171 27
993 613 12
111 259 9
200 470 32
353 163 9
220 843 8
758 1097 15
90 898 3
819 951 11
928 408 47
988 722 11
518 135 36
775 896 46
1070 1174 9
924 252 48
841 443 23
943 97 8
882 817 30
643 24 33
101 432 31
457 857 21
243 549 35
309 1143 44
1079 830 27
602 495 22
866 823 11
381 231 40
860 52 15
388 1103 22
1163 162 20
336 1109 22
248 888 18
893 691 19
596 1075 2
146 724 23
321 990 39
948 384 45
68 919 8
762 1151 28
202 551 11
256 826 11
503 338 20
341 183 36
889 583 42
255 443 34
802 976 15
1110 1195 45
15 329 26
105 1152 45
725 491 33
772 726 33
976 540 11
423 1069 20
1013 633 38
963 620 11
287 800 45
944 693 22
518 863 45
69 541 27
805 24 21
1003 442 28
279 386 37
853 979 26
485 776 19
998 1094 17
785 766 4
420 707 28
117 578 2
127 717 30
560 208 44
1193 473 5
307 732 34
1103 125 3
240 159 33
577 421 35
552 335 34
235 27 23
1072 108 34
349 415 13
168 1064 9
1133 840 43
567 282 3
416 1033 39
414 930 31
699 1035 35
1194 435 23
128 960 24
65 770 36
186 1112 8
604 15 42
300 398 44
306 1114 43
579 1081 18
161 812 33
249 119 23
942 897 49
479 556 28
1059 92 8
278 619 43
1114 1174 16
186 138 13
623 185 26
278 159 14
1035 860 13
900 1030 1
796 1000 30
655 580 40
1179 1055 31
13 885 10
1136 740 21
912 579 31
759 822 16
587 643 34
607 57 44
929 662 6
262 123 11
1002 5 41
772 364 43
987 451 27
715 34 36
447 407 5
99 190 44
1091 355 15
1125 611 38
722 992 26
1083 158 39
1160 157 20
16 747 23
547 1000 37
482 783 27
563 221 43
201 914 36
839 558 27
143 786 6
209 238 18
342 367 4
911 142 13
484 872 13
966 945 13
29 569 3
306 959 40
537 426 36
409 828 45
34 601 45
547 1178 24
1057 74 7
1128 25 20
221 383 46
224 1043 4
989 50 24
97 282 10
323 47 40
181 943 27
985 843 9
1194 1037 1
1027 471 13
76 509 19
399 227 17
61 471 15
82 715 33
964 367 19
472 928 7
477 283 42
895 624 40
56 811 47
80 99 2
665 803 9
340 40 29
158 894 44
913 704 10
876 1128 12
1144 732 9
442 35 2
576 9 22
621 1001 39
565 372 28
568 413 20
1023 327 42
351 522 42
483 140 4
182 803 26
276 1160 45
803 1198 13
105 724 46
422 0 1
611 144 12
513 689 45
1194 147 43
93 1095 40
515 867 33
104 498 3
507 169 11
1088 218 13
328 1105 24
645 373 36
212 876 2
506 515 16
39 129 48
549 235 25
994 410 39
540 173 31
1161 1179 21
858 541 26
