800 5000
640 399 49
585 713 44
279 448 11
728 179 24
171 442 9
353 553 32
453 775 17
617 510 46
295 646 31
784 197 23
109 518 44
30 638 19
320 105 34
283 6 1
679 719 33
510 605 11
230 274 14
179 240 8
238 515 39
414 612 45
561 477 40
788 797 4
305 624 22
394 731 27
94 405 6
337 600 35
530 560 45
335 587 5
294 557 13
508 184 42
320 697 39
295 434 30
284 221 5
107 631 17
561 706 44
640 728 1
130 466 43
396 42 15
178 766 35
8 121 35
358 41 43
227 784 41
676 292 25
269 435 12
367 611 39
386 655 13
607 316 41
500 202 45
268 538 27
54 221 10
169 185 21
147 724 46
142 617 16
79 202 3
783 470 20
322 416 24
182 670 30
757 66 46
612 341 23
116 548 33
516 591 22
599 72 35
2 24 10
183 207 46
754 72 12
637 487 37
360 454 3
510 114 4
392 781 35
347 613 28
598 53 40
710 551 29
752 648 9
380 239 23
711 107 16
507 795 8
118 613 35
116 49 46
623 792 3
507 717 12
397 662 33
617 145 47
70 12 19
341 13 18
124 672 9
438 271 11
337 243 23
80 494 22
430 0 14
44 279 46
83 173 35
244 129 33
762 702 33
534 199 47
668 194 48
773 715 9
30 567 33
160 705 42
744 665 22
99 54 40
263 548 9
677 585 19
670 574 19
734 346 39
17 126 9
475 194 12
258 194 26
457 75 11
471 604 23
108 210 39
101 466 46
556 615 31
268 604 32
376 146 34
341 448 36
789 120 35
97 21 18
450 313 5
7 224 33
489 125 13
8 222 40
19 66 42
528 725 27
561 201 14
687 422 5
14 739 36
230 367 39
321 225 28
343 640 25
590 4 3
651 676 32
565 464 33
402 716 15
6 229 2
79 554 33
666 278 23
713 18 10
645 624 8
106 579 48
352 390 13
120 450 49
198 289 13
309 607 38
301 272 42
424 134 32
643 622 45
372 625 48
776 733 10
682 404 5
232 420 36
200 205 11
727 454 43
334 585 14
449 492 25
489 131 27
563 112 48
110 283 43
101 476 8
660 488 12
44 396 11
112 129 28
240 457 39
501 57 44
311 341 2
699 707 24
318 210 35
610 141 39
497 8 42
433 390 25
648 693 3
266 104 14
24 321 23
27 749 4
76 449 10
664 137 17
735 27 29
118 515 18
341 577 25
130 586 9
707 307 48
112 65 11
128 649 25
786 421 28
571 214 13
726 323 13
758 51 15
749 440 12
794 415 42
606 79 25
366 201 17
22 328 46
170 723 31
69 451 23
122 243 2
73 166 35
318 13 5
100 36 24
87 42 10
793 32 44
214 405 49
633 102 13
5 642 28
199 607 34
336 317 25
146 13 14
168 180 9
495 793 33
350 108 36
716 237 34
486 764 6
246 718 11
718 760 16
407 177 26
203 558 12
263 618 11
467 267 24
678 169 6
637 506 15
319 268 16
606 230 29
136 744 30
670 613 25
165 618 20
670 413 29
184 409 33
324 5 40
690 187 18
192 558 37
308 338 29
726 722 37
342 191 42
652 555 25
82 305 31
451 267 7
602 36 3
768 209 47
381 365 2
766 455 31
744 510 1
175 356 14
669 747 49
1 799 35
11 721 10
551 189 39
725 18 48
408 282 3
247 749 48
218 674 25
612 179 42
254 678 45
366 51 4
519 270 7
399 695 8
707 284 23
256 120 25
276 515 26
40 120 11
796 85 44
227 252 4
233 460 40
434 732 15
459 73 6
489 606 38
239 607 30
537 31 6
462 729 48
12 5 46
52 694 24
138 102 4
789 462 5
349 177 22
574 88 26
752 585 10
15 718 26
744 253 31
395 428 1
209 279 38
687 60 42
629 138 49
758 309 5
635 704 19
100 772 25
322 366 26
673 172 48
149 699 35
517 44 29
329 47 18
379 774 11
121 596 20
176 56 16
560 382 47
120 123 28
567 522 8
696 487 18
301 472 40
485 542 49
70 500 24
629 678 28
111 700 27
324 303 31
60 202 4
446 373 17
788 673 18
493 283 14
402 408 21
300 703 8
748 313 26
775 223 24
227 737 34
85 232 31
233 295 1
45 709 34
773 36 31
690 272 16
557 719 35
32 292 4
326 273 21
543 43 37
652 380 19
732 108 33
77 541 47
18 740 27
703 348 48
96 120 34
484 65 3
218 236 9
738 676 35
591 746 4
756 530 40
189 276 13
285 738 43
286 265 18
25 277 49
782 128 41
576 662 37
146 670 22
516 586 38
434 585 12
354 334 20
140 91 21
76 222 29
53 304 33
102 703 15
154 402 31
511 218 39
227 783 13
360 524 18
682 133 11
134 170 34
176 436 2
133 75 26
420 136 27
59 783 15
724 177 36
168 511 31
119 527 21
212 571 48
6 371 23
398 361 14
307 776 20
298 747 1
102 54 14
93 624 32
259 688 36
689 349 2
738 571 13
404 449 46
45 673 25
759 494 31
271 100 45
182 752 17
673 513 36
537 605 32
311 573 9
373 679 42
794 498 38
584 725 29
42 661 21
308 686 27
591 170 4
269 609 2
49 423 9
215 691 15
545 488 26
420 289 37
34 519 48
761 788 47
465 215 8
366 69 42
253 419 20
362 440 14
214 619 36
789 533 14
399 380 14
100 2 48
634 709 45
10 482 9
765 114 9
8 103 24
561 32 32
583 767 15
198 108 41
525 98 4
786 105 40
381 657 7
466 476 24
279 578 8
789 122 44
598 187 37
600 626 30
474 599 23
207 778 40
610 617 21
656 681 46
541 205 38
116 110 30
102 88 20
486 96 9
523 161 41
705 632 21
529 51 26
659 364 29
357 746 35
148 312 33
302 423 31
609 641 37
734 467 8
481 362 23
739 703 13
469 241 22
525 679 3
97 759 4
16 573 42
402 208 45
586 522 2
131 223 19
302 484 17
312 47 12
422 502 25
282 98 32
74 64 39
400 498 49
601 444 37
513 311 38
45 50 8
524 410 15
494 523 44
48 752 19
734 749 28
486 642 43
708 592 23
450 419 14
425 283 47
338 739 42
699 466 17
50 230 39
20 268 12
467 648 13
41 176 44
35 311 26
707 773 18
568 2 22
71 118 25
796 190 49
315 235 30
684 799 29
753 487 11
534 81 22
623 776 49
775 111 44
624 457 3
674 285 10
737 532 39
372 143 8
179 22 2
670 289 29
463 333 18
93 701 14
388 254 11
283 589 47
159 786 46
463 247 8
215 150 31
444 721 10
112 257 44
320 70 29
479 591 26
739 473 23
714 102 17
601 6 21
756 722 29
729 620 22
347 400 39
286 681 14
787 444 37
166 77 7
704 739 3
13 283 38
560 90 45
782 186 14
39 782 18
138 2 21
553 186 23
371 381 10
712 30 43
549 221 28
645 468 46
729 14 48
362 222 15
411 591 21
47 305 30
313 553 46
594 736 22
259 394 26
354 53 25
509 124 12
234 76 2
155 593 49
160 409 31
183 313 31
106 648 49
355 354 7
155 268 36
645 692 28
364 224 28
166 477 45
388 589 43
109 73 32
497 534 10
341 233 7
280 247 4
543 29 1
360 660 15
187 763 24
735 577 3
241 46 4
262 515 6
176 797 48
73 276 29
650 449 29
545 205 48
423 447 9
146 517 39
227 580 15
396 679 6
213 80 46
653 224 10
680 548 40
372 273 39
644 61 24
733 195 33
350 66 27
460 114 26
635 794 24
363 49 36
677 270 11
541 496 25
539 639 2
488 674 17
32 11 20
727 466 18
729 649 39
94 561 24
219 538 36
495 616 36
69 581 25
105 86 17
659 784 49
289 726 16
569 591 29
559 156 36
480 215 27
626 704 32
571 7 14
175 365 47
748 458 17
727 560 17
122 752 22
377 158 6
338 587 4
226 396 12
431 208 48
627 486 23
233 397 15
677 76 33
266 387 19
372 208 10
53 78 34
106 681 15
273 318 45
726 683 5
126 500 6
457 526 25
542 368 8
148 453 24
29 429 18
270 761 35
271 116 13
342 10 8
764 599 46
349 482 37
366 422 5
743 257 29
438 657 43
392 143 3
739 413 28
176 167 29
236 560 34
485 65 2
615 351 31
704 362 7
23 99 7
772 424 13
52 636 14
220 347 3
282 741 49
512 21 32
560 134 49
38 476 22
452 426 1
695 80 19
525 435 7
593 191 42
61 267 26
427 345 12
292 740 43
416 688 3
322 608 11
592 765 32
5 166 49
745 333 2
166 696 12
428 25 6
319 355 27
729 750 7
83 758 47
238 386 34
50 374 22
118 342 40
671 9 3
4 651 21
181 599 37
262 304 38
623 200 8
709 294 28
597 123 33
631 76 46
650 699 11
398 295 36
240 613 48
497 29 21
258 169 48
13 420 36
400 476 4
291 656 30
313 4 46
218 52 1
127 300 46
499 572 31
383 97 39
377 401 17
420 96 49
686 739 29
309 29 30
443 793 29
357 715 11
26 314 17
538 468 6
0 491 18
143 177 44
82 713 43
177 271 6
504 155 17
42 152 5
159 720 36
221 171 16
452 40 3
455 235 44
566 135 46
334 85 43
205 160 30
632 760 6
195 357 45
460 450 28
140 11 14
71 391 28
498 113 7
116 115 12
338 461 35
568 341 27
592 686 7
351 720 21
420 299 8
284 226 18
653 270 45
229 111 24
752 778 18
175 199 8
318 749 48
198 353 16
548 543 37
632 19 45
92 671 42
196 244 34
649 104 46
271 387 35
377 156 3
284 740 1
384 105 14
348 352 23
230 292 32
82 202 19
600 763 42
269 685 12
479 681 8
66 450 42
607 490 49
788 606 7
630 111 27
15 320 11
693 551 24
780 374 9
468 226 34
121 466 49
245 567 45
374 450 27
285 733 46
332 190 13
75 225 5
636 110 40
642 167 25
393 546 20
305 495 23
319 244 47
99 587 15
336 95 16
386 688 36
386 791 16
10 250 21
680 610 40
753 771 40
662 425 31
521 76 21
601 797 41
366 206 13
298 518 27
307 798 16
777 61 48
562 473 2
256 615 41
243 52 8
87 414 15
652 29 25
597 135 40
55 47 26
668 225 14
117 76 22
508 99 42
434 778 14
674 673 11
277 518 19
673 733 11
561 409 40
505 364 27
768 169 9
56 216 38
776 205 13
131 233 1
724 764 6
467 704 34
31 118 36
711 562 19
263 597 37
231 796 8
759 463 15
68 460 48
38 671 6
274 703 2
765 689 41
550 786 31
357 641 38
439 717 3
293 665 13
652 603 32
278 786 26
91 321 25
460 478 28
89 478 42
94 217 37
620 642 48
62 164 8
760 772 23
252 298 42
193 268 4
313 732 36
202 576 19
116 16 8
455 721 39
216 750 39
323 214 8
599 672 20
567 726 22
661 568 1
628 793 26
634 77 30
743 324 13
331 635 49
350 738 36
654 89 17
291 310 22
176 776 32
766 634 31
747 274 21
626 548 37
227 330 23
403 776 43
80 754 20
267 759 11
53 680 42
542 137 33
156 507 3
545 12 21
116 379 29
299 717 12
671 281 2
628 776 46
513 439 30
612 151 18
84 400 4
611 100 15
665 18 21
140 629 25
326 207 3
716 405 43
681 498 36
338 41 28
254 196 40
623 711 13
552 30 46
456 653 30
732 661 6
751 575 16
536 669 10
608 149 17
297 310 43
760 59 22
246 683 35
700 729 32
335 281 6
502 208 46
451 665 18
728 279 27
601 101 45
750 227 22
221 551 19
169 200 11
356 35 16
224 263 48
256 492 41
443 103 38
22 731 33
572 496 39
28 673 39
136 83 12
52 554 11
197 33 25
620 539 1
605 726 30
759 787 32
30 260 28
543 687 3
619 291 49
281 591 35
187 299 45
169 407 29
434 118 49
535 451 25
72 1 34
176 450 14
717 723 6
90 287 30
452 228 19
196 455 30
478 659 27
66 381 48
95 530 17
438 678 36
293 230 2
666 723 20
56 31 32
134 352 8
225 487 7
177 639 45
581 111 27
514 700 37
409 507 46
148 527 23
622 292 40
752 61 18
735 130 43
722 143 11
669 283 23
446 265 9
588 764 29
632 709 20
84 202 42
748 394 27
118 102 41
591 20 32
247 709 17
388 355 23
757 782 26
720 400 9
450 78 25
300 5 6
0 302 48
220 757 27
424 174 17
518 363 20
76 339 37
241 446 27
578 587 8
48 716 35
554 665 48
700 542 9
17 470 48
424 606 37
357 447 25
210 321 31
547 196 16
236 555 44
48 253 23
464 531 18
191 700 34
263 53 25
220 167 4
546 746 45
204 20 46
555 670 17
47 574 48
506 370 10
332 612 25
6 5 30
581 720 7
275 278 39
391 566 44
737 582 14
340 188 6
135 296 18
336 135 29
90 159 36
792 546 14
12 387 15
668 777 40
414 575 23
184 349 15
124 437 48
129 547 27
166 155 14
752 621 22
642 161 9
626 436 21
763 600 13
589 130 36
58 289 20
504 529 27
424 726 23
16 459 18
570 411 25
453 432 19
461 787 13
392 716 12
160 560 33
408 781 1
251 535 39
435 788 48
633 395 38
423 2 43
391 499 48
369 161 23
588 628 21
289 94 37
130 748 41
545 192 39
444 438 32
227 196 13
732 734 10
717 780 48
790 528 30
126 46 48
733 358 10
193 527 1
763 147 18
331 261 30
269 511 36
422 454 44
327 259 49
276 502 39
87 327 42
713 375 44
770 504 31
309 575 9
642 696 34
388 493 33
42 247 14
525 454 11
674 284 7
763 358 49
372 463 41
652 747 2
449 57 21
48 151 46
242 161 35
54 529 19
569 552 3
696 304 8
267 718 35
646 730 27
457 734 29
258 798 35
477 540 26
421 305 12
630 778 27
614 319 19
426 424 44
486 741 18
166 41 2
467 343 34
512 449 36
598 523 41
791 642 2
413 502 16
796 675 30
320 164 3
612 684 32
749 655 2
628 19 20
669 118 40
704 333 34
86 166 15
238 603 16
645 170 34
488 722 36
344 136 19
597 791 8
404 49 21
667 492 7
325 666 8
410 575 24
407 372 11
96 622 44
359 215 35
426 371 42
790 26 43
530 287 9
783 422 43
145 285 8
571 596 16
359 57 5
415 524 35
643 570 15
794 305 16
596 8 25
313 457 46
351 412 41
762 388 9
331 387 40
204 383 6
629 622 24
125 595 41
112 92 15
513 144 25
286 468 45
772 753 49
69 464 20
46 96 45
36 549 3
656 118 23
660 156 44
49 397 48
435 163 44
73 755 44
161 693 18
791 282 15
638 728 23
186 613 28
200 253 44
85 579 4
618 181 9
718 443 2
108 524 9
620 558 32
631 106 26
400 226 38
249 667 20
193 422 2
353 211 33
222 560 3
268 500 26
26 289 34
608 674 19
444 191 2
550 356 5
480 533 32
359 179 33
197 522 21
103 554 32
488 484 20
765 392 7
445 187 46
758 366 17
794 124 1
295 308 45
147 510 6
682 206 30
393 519 14
151 402 34
526 354 34
372 403 35
544 27 19
102 487 45
325 336 43
436 635 18
40 400 33
697 112 28
700 94 5
155 472 38
438 284 34
104 620 5
709 225 43
764 564 12
787 706 8
522 797 32
697 306 32
785 558 47
573 767 18
605 794 19
322 589 46
338 461 37
744 286 18
229 180 2
510 127 16
247 267 19
526 571 3
279 472 39
112 603 1
758 314 36
18 213 8
22 465 33
392 584 47
59 19 27
222 441 30
565 558 9
777 87 20
271 727 33
9 774 39
273 422 39
504 533 34
63 67 30
465 438 30
715 638 42
562 141 31
385 733 31
339 276 22
217 768 23
365 306 27
375 154 41
39 774 34
475 20 8
504 230 21
619 155 5
748 74 6
35 234 17
738 750 23
380 297 22
586 329 11
205 641 2
625 368 35
279 231 12
366 188 10
486 512 47
396 201 1
406 69 36
632 657 31
30 515 22
319 612 47
135 660 39
685 740 35
787 69 29
737 253 40
742 555 31
110 765 26
374 105 45
127 730 2
11 693 39
625 625 13
35 676 39
146 637 15
446 170 1
621 526 22
388 624 18
73 363 17
765 440 29
396 228 17
36 642 26
562 178 40
548 417 25
663 725 40
45 259 43
273 690 33
587 389 17
473 120 12
421 776 6
130 260 38
32 202 16
444 81 39
461 579 41
341 714 43
152 51 12
462 280 10
643 288 30
203 88 16
239 309 49
179 284 25
61 59 29
397 655 37
295 41 1
77 313 17
554 453 21
451 605 42
664 468 1
111 321 3
276 31 11
177 607 38
773 30 19
54 432 9
766 84 38
46 716 10
293 277 4
15 90 16
320 561 15
763 251 33
644 477 3
722 381 33
211 173 23
575 110 11
258 179 23
417 685 10
555 449 41
266 393 34
784 263 44
716 594 15
536 771 15
80 505 11
478 177 39
454 322 47
475 174 37
536 670 13
180 162 43
605 108 39
114 722 34
673 424 5
112 221 34
65 798 11
547 446 4
37 374 2
700 479 34
556 475 18
753 564 43
541 787 4
638 262 17
358 352 16
170 481 4
56 587 4
112 411 29
324 258 7
622 303 15
154 364 8
339 309 12
541 789 36
522 122 36
634 24 8
715 316 1
479 634 37
486 315 21
37 763 19
256 263 18
51 287 27
4 656 16
721 672 15
661 395 32
784 76 16
172 374 1
211 587 30
261 556 28
25 162 19
47 400 28
277 377 9
676 262 21
595 493 17
19 729 30
509 245 25
712 600 44
432 39 41
148 567 21
468 253 15
49 561 5
30 606 35
34 519 17
564 52 38
750 593 15
730 199 9
117 751 25
136 101 14
286 203 35
567 754 37
775 356 22
571 210 6
715 776 28
719 391 35
248 488 13
699 196 27
770 164 47
327 638 18
606 610 26
86 428 26
730 570 11
332 615 24
92 357 19
656 169 47
553 779 26
688 137 35
122 292 8
136 205 6
435 712 22
111 507 8
775 449 9
466 182 28
653 19 42
501 246 26
741 361 5
117 493 48
22 714 4
480 10 20
234 391 15
640 664 49
770 795 37
739 706 8
281 541 30
290 21 17
191 427 47
586 503 41
9 556 33
228 308 23
300 75 15
19 473 24
691 624 25
389 497 45
190 226 26
71 366 40
172 660 9
740 635 35
224 310 12
636 567 20
514 502 48
142 372 28
69 672 7
489 647 8
485 409 2
553 516 39
273 43 24
423 101 16
480 385 28
391 196 42
476 531 12
526 793 5
709 445 40
263 581 18
760 44 7
114 607 24
25 703 9
792 763 7
391 357 3
445 374 15
476 196 34
161 43 24
626 23 23
400 385 41
510 395 38
698 627 46
383 292 27
516 131 3
111 320 46
149 297 12
766 141 4
371 284 24
300 449 22
388 116 2
370 676 36
624 69 45
463 654 14
454 253 27
495 119 44
404 365 8
181 168 45
305 73 33
122 207 47
126 124 7
646 45 3
135 742 6
644 357 39
220 337 26
660 744 47
522 279 28
52 730 34
307 554 24
421 454 18
36 690 3
441 361 16
767 211 5
122 3 28
7 122 46
36 370 21
188 120 40
212 329 17
92 628 22
45 202 44
161 668 32
472 656 34
592 2 39
72 364 2
345 78 22
480 21 38
563 310 33
790 652 23
192 714 36
179 396 45
631 574 25
675 593 42
380 43 16
405 250 21
692 205 42
72 697 49
114 295 17
546 712 32
110 292 30
152 402 38
653 260 30
389 105 41
546 16 32
192 649 15
49 640 26
628 285 1
373 481 33
709 237 13
585 403 11
73 0 8
194 784 27
113 238 22
220 333 27
597 197 34
764 120 29
392 1 26
24 353 22
344 546 3
334 143 13
792 639 36
415 43 2
639 501 42
142 187 46
564 597 1
155 235 6
453 87 31
248 617 12
625 788 40
242 353 32
140 132 33
440 42 10
262 585 36
541 535 20
627 211 25
207 788 26
559 263 6
505 586 32
568 752 27
785 357 47
97 642 40
617 367 39
556 685 37
627 325 28
419 210 41
791 786 19
534 488 22
146 436 29
157 519 36
264 111 38
483 44 32
125 172 40
84 281 18
460 626 47
22 439 12
641 648 16
684 178 24
153 697 39
557 332 25
173 637 35
60 305 14
232 108 3
790 478 10
29 380 18
93 345 10
117 39 18
274 664 36
26 353 27
777 755 13
525 213 44
558 787 42
713 545 41
345 512 43
372 132 24
439 588 14
680 257 6
797 96 47
447 795 9
311 275 8
261 559 32
47 756 15
522 78 48
290 604 31
81 74 24
619 492 11
675 481 19
462 34 6
690 465 21
354 706 2
690 522 31
601 246 12
5 615 26
128 712 35
608 561 33
93 370 25
398 176 3
626 394 31
164 163 22
700 652 13
200 22 3
23 473 9
668 680 39
606 578 31
180 548 48
783 17 27
459 426 15
312 383 17
587 203 3
722 781 10
539 642 1
788 705 15
789 263 2
766 502 35
348 305 24
47 13 24
352 647 44
99 483 10
83 511 25
55 603 49
590 33 3
623 65 41
548 274 29
255 547 13
46 355 44
27 360 32
387 496 32
62 184 49
489 32 7
326 106 9
355 21 33
359 299 5
644 526 43
160 276 17
53 777 5
768 295 36
141 324 25
572 691 20
581 680 30
469 338 9
245 47 44
601 66 2
471 82 48
377 449 21
740 584 38
287 612 5
506 499 39
231 29 37
1 708 23
109 513 36
414 268 46
53 700 38
236 205 47
539 70 39
64 348 16
504 103 42
79 131 26
82 783 25
213 5 5
284 257 39
673 799 9
695 388 49
721 293 13
63 173 17
382 266 49
737 472 47
135 673 38
44 616 22
597 272 8
642 499 29
574 363 22
765 380 23
774 481 17
645 192 21
514 224 5
142 660 24
296 234 48
737 772 48
591 19 41
563 247 49
520 122 48
636 46 6
782 541 4
642 41 47
25 266 46
759 514 32
375 168 10
139 107 34
779 528 38
334 600 26
279 148 37
459 71 41
163 147 32
747 711 5
314 122 30
698 494 12
248 142 45
312 185 27
611 381 7
17 372 36
184 179 48
404 360 38
390 468 16
270 677 46
449 311 36
539 707 28
1 572 35
134 34 5
656 282 12
226 308 26
116 462 41
372 734 16
269 64 14
749 369 22
12 444 38
424 738 43
497 494 10
78 388 40
293 418 31
593 192 8
405 117 20
110 484 6
651 175 16
753 739 19
179 346 49
608 548 12
772 449 34
77 632 36
608 36 13
171 498 3
622 299 46
498 395 10
231 90 37
320 709 6
547 610 30
425 184 44
282 534 3
760 270 3
69 122 32
564 281 26
123 293 17
122 430 47
506 775 30
74 449 25
446 251 6
475 585 7
796 481 29
83 28 17
208 718 10
229 172 8
652 23 13
673 532 24
68 316 35
83 447 32
729 239 5
94 212 43
355 318 27
158 661 3
758 128 39
701 253 36
633 559 20
106 546 19
315 571 22
116 580 32
334 356 34
210 28 23
391 786 18
787 488 38
99 459 25
401 202 22
486 195 44
550 592 41
650 458 22
669 579 4
502 343 11
623 541 12
645 402 21
417 308 8
558 476 47
414 32 49
366 134 22
222 137 1
36 671 39
111 12 30
40 256 30
692 182 30
44 589 33
33 345 31
150 33 37
669 297 40
523 437 46
103 176 14
606 737 13
238 3 46
109 140 27
622 434 46
157 214 25
49 482 35
537 180 33
345 79 35
155 601 28
421 21 39
60 233 19
478 217 29
254 113 19
73 470 25
411 656 37
376 464 42
41 674 8
302 460 37
292 709 24
16 172 27
58 186 9
659 340 26
572 178 21
663 249 36
104 365 29
564 121 37
504 73 11
63 79 36
692 638 40
419 680 8
648 6 22
319 519 27
247 349 10
608 264 18
157 90 18
740 595 1
499 455 37
481 786 13
26 557 13
609 437 27
401 611 32
604 323 27
119 453 2
672 148 45
474 557 8
246 392 6
88 314 6
478 11 35
264 346 43
48 239 34
537 326 16
527 289 14
790 629 30
499 461 14
203 360 38
796 223 28
761 56 27
531 68 6
99 164 41
220 80 27
305 212 40
102 246 12
193 624 43
143 433 12
594 122 19
550 26 26
171 145 4
216 255 31
538 197 41
379 276 43
401 226 1
458 315 37
323 178 44
736 368 7
795 203 16
756 241 39
21 120 14
693 176 7
548 272 16
617 76 25
59 221 20
502 195 28
121 283 47
149 112 14
88 194 6
678 596 25
368 153 22
724 368 34
29 487 35
570 158 8
449 307 16
163 757 36
341 574 36
573 211 28
784 84 39
107 323 41
458 670 7
342 572 15
318 737 9
612 615 18
727 659 31
792 81 24
147 234 48
361 298 2
428 640 12
102 632 6
67 10 20
787 626 47
316 387 33
420 399 7
217 702 25
694 390 12
470 328 2
651 655 16
744 524 3
570 4 15
94 405 45
292 224 13
663 376 15
80 82 27
479 226 48
633 79 23
108 670 22
561 341 23
593 531 28
191 629 28
628 368 29
96 225 33
10 456 12
287 452 37
489 59 6
300 519 37
71 138 42
691 78 39
679 727 36
376 64 7
150 391 42
441 777 47
263 782 18
798 533 2
180 318 49
7 94 9
580 412 14
625 295 44
260 136 45
156 759 32
365 693 45
754 562 25
217 510 27
711 381 21
323 290 46
110 492 23
779 703 5
115 751 8
117 615 43
178 357 17
288 461 37
487 58 17
219 380 37
306 728 8
173 419 20
567 388 18
291 324 34
9 361 14
71 292 22
540 704 49
389 316 45
726 143 15
33 456 36
747 545 46
749 181 15
234 737 16
215 353 7
319 690 3
510 394 36
181 450 11
144 400 4
245 250 9
68 586 12
180 137 43
145 433 20
743 18 28
71 529 28
386 38 8
434 239 10
260 538 17
51 352 13
192 319 27
185 507 24
293 118 23
418 638 19
102 10 8
90 403 30
320 452 1
60 588 42
637 420 2
606 650 11
430 203 23
274 736 38
191 83 46
40 383 22
441 331 31
148 747 21
403 118 30
776 318 12
737 514 15
519 609 24
368 544 6
686 392 9
212 623 14
32 474 12
594 549 19
203 696 5
23 59 31
683 241 43
317 232 48
31 432 16
730 620 21
103 554 41
195 258 21
244 59 33
280 513 34
2 279 15
425 373 30
614 634 14
222 77 5
29 447 42
187 394 42
256 350 22
237 73 30
605 639 49
296 622 22
504 308 25
242 579 22
164 141 1
403 656 17
496 489 7
743 148 46
38 743 34
407 400 12
196 416 19
705 115 12
338 145 12
58 313 4
524 396 24
606 248 3
365 355 36
584 707 27
253 159 11
536 602 10
155 436 23
3 449 43
344 539 36
110 696 13
353 339 12
236 527 16
363 763 46
556 615 10
256 67 9
500 333 48
612 97 34
331 12 12
727 501 43
548 104 5
449 427 9
614 711 20
371 321 27
53 423 33
779 752 46
477 581 33
393 596 1
33 482 24
252 636 25
154 213 20
477 170 48
588 380 41
367 306 42
104 589 20
36 299 46
222 93 40
62 33 22
67 307 49
12 541 40
794 21 32
777 533 11
49 392 12
472 28 7
794 621 44
210 222 37
555 478 24
627 88 33
715 514 41
522 0 30
141 326 34
711 191 8
100 291 35
795 170 17
30 373 38
262 797 6
103 717 2
599 543 39
161 301 38
235 671 41
696 658 47
701 789 42
409 667 33
242 179 41
218 489 9
462 496 22
620 149 12
262 79 34
119 773 6
132 570 39
557 284 40
198 31 13
709 473 33
557 114 14
364 459 32
161 82 18
705 647 14
332 374 19
666 195 29
259 591 40
412 147 20
735 702 7
388 508 9
708 280 34
345 314 4
120 603 47
277 199 26
550 193 38
739 307 8
785 35 44
473 586 14
150 76 28
331 717 36
321 139 18
65 454 18
788 130 33
310 437 33
637 796 7
507 71 47
417 750 12
542 271 27
694 623 43
40 159 29
156 211 14
606 312 10
271 677 42
555 460 6
25 747 9
135 731 12
740 158 10
31 777 39
751 586 6
219 495 9
742 393 40
556 616 19
773 146 8
120 354 21
259 185 42
19 222 49
373 416 29
752 87 32
482 306 33
331 347 35
721 85 6
8 722 41
585 646 44
190 29 2
446 715 11
772 304 21
644 758 19
686 265 35
249 791 13
123 125 6
150 195 49
518 694 42
214 328 40
441 643 48
601 475 7
777 398 42
61 483 1
28 553 17
655 323 5
608 408 19
268 261 41
246 187 35
258 735 2
788 399 23
350 605 43
798 100 22
208 83 18
311 502 35
47 494 18
7 725 49
545 267 27
513 270 46
326 4 41
14 456 4
551 790 41
498 239 38
160 642 41
99 430 36
398 241 21
26 389 41
523 76 29
334 525 17
705 559 7
705 787 22
45 111 5
324 279 5
350 792 26
716 280 41
463 599 39
452 589 47
668 220 9
507 673 28
582 621 32
157 302 34
639 164 7
343 474 25
347 745 18
400 18 2
30 194 43
284 18 26
280 358 2
449 765 47
774 721 26
198 125 36
73 81 3
703 772 49
479 561 22
301 403 36
560 90 21
333 89 43
263 439 22
414 621 8
596 655 16
582 150 31
97 363 10
693 534 1
270 108 42
275 440 35
244 24 29
76 25 22
99 77 42
442 193 7
673 538 16
208 179 7
294 534 16
314 747 20
664 521 12
337 11 23
133 741 38
483 582 9
451 117 23
143 774 36
123 587 4
631 494 24
733 41 13
669 342 39
612 654 42
192 527 42
185 486 48
794 752 42
60 629 11
647 637 35
240 536 41
199 651 17
222 129 14
110 788 10
668 770 40
322 105 6
478 587 32
482 773 45
32 105 46
419 748 46
371 677 29
188 433 11
401 471 30
767 337 13
387 39 36
714 53 7
650 555 49
169 197 11
550 51 11
592 647 20
158 469 41
680 404 28
646 661 11
268 502 37
386 514 40
102 652 30
203 626 35
621 298 3
36 460 27
183 124 19
531 782 15
227 447 3
615 385 22
46 409 41
782 312 27
691 682 43
630 410 30
162 612 24
659 547 38
311 537 40
486 774 2
404 119 14
621 415 45
646 236 33
647 95 32
250 575 4
365 300 27
323 740 36
24 554 23
230 682 19
162 676 38
325 139 14
68 317 33
53 399 25
2 380 7
39 389 49
330 567 4
756 618 36
171 745 40
89 103 2
193 796 43
442 270 35
181 740 24
228 108 11
302 764 34
601 447 8
614 411 44
485 353 16
156 349 10
93 779 7
725 282 34
487 525 6
566 588 23
754 170 40
741 746 42
668 701 40
90 276 45
602 241 21
625 0 23
650 743 7
620 735 30
202 525 47
667 589 13
621 365 1
145 347 17
701 663 8
181 185 3
645 668 34
334 185 12
332 452 7
313 77 15
191 369 21
792 784 7
726 534 5
516 568 12
382 83 40
406 589 32
180 49 7
273 740 6
725 332 1
593 484 28
275 614 34
195 75 31
763 2 1
111 540 18
142 764 44
599 80 21
764 102 49
434 720 22
394 781 11
307 304 10
712 702 40
85 195 7
199 458 9
417 564 12
434 461 19
276 611 7
726 242 32
508 150 34
449 298 9
504 161 13
3 390 17
190 447 5
266 338 45
114 283 10
148 81 28
280 516 6
66 779 37
139 639 29
40 181 38
233 531 48
571 375 27
91 146 32
655 570 47
162 175 14
603 194 39
732 791 45
206 504 3
7 594 2
795 257 33
696 706 45
660 795 18
497 9 2
33 155 27
147 295 27
98 355 8
475 68 47
216 143 36
98 184 47
362 704 19
390 398 13
706 617 47
702 248 27
671 575 36
267 772 19
98 32 23
277 304 7
43 403 42
759 195 28
152 170 10
68 799 11
148 83 34
96 35 8
127 120 5
435 655 16
158 286 39
193 479 20
374 596 33
732 768 9
605 672 23
182 641 44
157 201 43
384 628 26
720 240 38
449 432 29
466 528 44
570 255 46
170 210 9
453 491 46
632 285 35
348 534 10
550 588 29
226 344 17
266 19 47
53 711 6
591 616 41
595 423 42
118 685 12
365 342 33
499 269 34
303 69 29
24 454 42
239 442 3
368 94 40
392 157 29
362 701 38
723 34 46
755 165 37
605 31 20
271 625 35
341 208 32
128 659 25
735 504 4
321 92 36
468 128 19
388 456 36
244 799 8
469 385 22
115 396 16
300 745 19
717 645 34
383 407 42
170 405 11
170 511 16
784 313 20
717 222 16
581 776 43
763 310 10
485 270 32
643 632 9
266 333 22
135 442 19
168 236 1
531 582 29
6 42 41
694 17 40
629 643 8
289 506 3
366 388 31
572 355 14
508 601 18
674 450 1
492 391 11
711 586 19
745 187 23
15 701 18
339 433 12
530 297 37
33 493 12
206 353 3
711 694 18
651 556 23
359 611 38
398 205 19
82 534 6
269 182 28
580 394 39
244 1 22
243 759 32
82 198 25
730 791 24
317 687 45
101 517 28
551 645 8
471 474 28
72 490 20
41 138 47
164 450 48
501 408 6
200 61 4
353 552 31
69 456 39
282 202 44
178 335 1
669 549 15
603 454 16
265 700 36
493 280 25
307 487 49
535 394 10
161 392 44
653 753 23
389 23 8
536 643 49
613 192 38
477 743 23
283 583 37
23 607 48
679 463 38
222 145 27
450 167 48
19 319 20
611 691 28
398 679 38
155 482 23
417 120 1
767 697 19
753 96 15
677 535 26
474 626 45
342 652 19
552 14 25
529 682 8
697 479 12
5 778 10
81 12 29
51 31 31
378 241 12
122 566 32
568 108 4
234 427 31
750 657 39
660 561 18
324 744 49
112 772 34
197 349 15
13 407 42
406 596 18
271 509 34
150 296 49
159 610 36
14 785 34
186 785 13
216 372 12
641 479 4
90 102 49
678 571 26
684 502 1
67 735 29
531 47 2
277 388 6
251 191 10
196 337 16
571 604 41
553 520 49
280 148 19
373 616 32
422 62 19
207 620 21
555 555 3
609 529 35
18 518 27
706 444 20
755 56 28
716 418 32
14 230 18
545 152 5
233 102 17
529 54 31
375 776 8
135 512 4
466 350 5
504 141 6
767 556 20
140 73 44
546 110 38
168 715 1
666 250 9
6 333 23
395 709 41
428 101 34
619 238 9
77 169 18
752 274 39
684 434 32
604 720 42
7 453 9
21 159 46
266 119 20
260 633 15
543 540 33
66 220 25
254 591 32
633 365 9
772 252 41
798 129 23
163 5 44
732 600 11
508 791 7
526 454 34
234 414 16
178 443 12
277 106 25
714 596 41
755 432 26
448 576 28
601 444 15
683 245 44
799 469 29
416 356 20
602 114 40
51 432 39
124 714 36
541 730 29
602 329 44
632 106 46
604 688 2
497 795 25
370 451 26
5 184 21
66 628 2
464 713 42
603 61 23
461 28 29
172 134 5
534 326 43
102 133 48
777 538 33
413 514 6
249 289 22
27 725 13
563 128 27
607 142 27
61 189 11
77 295 45
728 506 28
209 770 42
42 697 26
242 343 27
446 133 49
46 545 3
141 611 25
561 259 30
500 31 19
502 234 35
510 687 6
595 154 46
592 790 4
323 64 15
428 551 29
1 385 24
97 380 13
40 18 2
799 484 30
88 674 19
607 259 11
519 733 22
519 231 23
424 383 4
361 508 9
80 355 47
497 171 1
410 750 27
369 521 1
507 26 34
468 587 16
405 211 41
683 131 49
720 516 31
776 768 14
145 350 41
489 359 19
208 242 40
282 779 23
74 290 31
613 23 42
244 211 49
598 367 26
684 64 28
382 309 47
159 430 13
377 572 49
485 167 35
96 106 45
373 375 12
735 3 22
82 300 24
317 604 34
275 277 18
501 428 42
383 134 9
98 403 5
505 582 10
701 514 42
33 202 42
584 342 33
518 337 18
27 748 32
433 511 19
297 391 42
635 25 48
379 657 46
453 737 45
542 495 44
154 349 43
445 404 21
48 656 20
318 261 35
271 609 30
670 694 4
82 163 47
754 365 23
414 89 16
143 100 32
454 315 49
497 184 5
483 222 36
272 790 6
450 706 42
207 449 13
280 722 29
772 308 25
70 400 1
512 613 11
691 156 43
127 640 15
546 117 34
342 671 19
228 265 23
182 577 24
156 595 47
272 116 22
34 31 13
294 528 33
693 669 37
747 628 8
387 569 41
419 725 15
246 266 26
769 16 10
262 657 27
147 214 12
286 211 42
685 414 7
583 187 10
25 420 1
760 59 48
490 136 32
186 569 18
532 745 44
569 274 48
48 386 22
257 39 12
306 473 4
228 742 2
35 782 47
594 518 28
173 354 10
327 458 9
524 171 6
239 141 4
200 560 38
612 350 1
674 337 46
495 115 3
488 392 14
644 199 30
196 271 19
155 600 21
333 422 45
264 691 27
131 0 9
582 96 39
646 320 20
303 223 19
386 744 7
83 451 39
321 388 47
473 299 17
176 45 15
723 789 39
631 119 17
416 51 42
318 349 8
251 692 11
395 40 38
273 418 16
271 41 40
117 532 22
226 536 31
425 485 30
694 57 1
715 119 23
25 772 11
427 396 41
374 50 37
499 529 6
324 35 41
96 571 29
679 252 35
537 731 6
565 3 29
504 415 16
549 612 23
624 302 2
697 170 42
416 96 49
303 638 12
724 672 7
655 684 18
102 749 35
336 565 30
707 547 35
625 689 18
299 221 23
445 139 28
597 400 43
0 715 11
246 437 17
502 443 35
585 224 22
255 216 48
449 33 14
545 234 38
583 510 47
242 151 18
99 704 9
33 696 13
456 502 34
394 561 41
657 470 35
261 591 31
619 50 32
534 472 11
798 72 10
583 347 25
260 78 18
547 48 14
448 96 11
631 289 29
793 356 24
234 44 9
187 511 10
78 759 35
467 636 33
799 717 3
132 630 25
686 448 5
766 532 46
660 426 11
542 82 20
97 706 29
679 455 4
397 38 22
570 779 22
178 494 40
135 640 13
367 456 31
704 543 43
636 540 13
765 345 15
450 404 46
597 657 13
88 612 29
99 420 28
740 140 20
479 473 29
419 367 43
198 593 30
533 186 21
520 394 39
212 514 16
120 495 38
685 293 10
641 441 28
39 463 37
126 467 22
296 527 46
110 432 49
353 654 49
272 668 28
606 435 12
532 174 23
414 572 17
354 760 40
689 40 4
419 238 23
561 104 24
353 302 6
389 543 7
193 483 9
401 726 18
416 732 47
6 533 3
380 420 34
56 353 49
121 508 24
634 757 31
439 252 42
191 594 24
2 187 47
683 277 15
371 481 32
736 781 33
63 766 30
579 400 27
507 128 27
767 311 20
693 166 20
720 352 2
327 132 25
685 279 12
788 561 27
9 625 20
183 229 42
124 731 33
266 721 40
41 691 49
676 623 10
462 48 25
354 693 42
64 771 29
267 170 24
671 130 4
303 408 39
408 65 40
491 471 44
423 399 35
390 313 1
188 263 40
275 117 8
506 524 35
225 703 39
270 293 5
111 260 34
321 223 37
511 201 40
212 33 46
712 213 12
54 257 5
204 694 45
328 533 6
413 701 14
751 626 2
370 113 12
274 402 4
604 598 26
776 448 41
664 293 49
641 338 3
6 603 32
22 722 44
120 166 9
790 343 24
700 600 3
564 742 40
109 798 35
328 658 2
455 199 17
272 513 26
499 128 18
387 108 14
509 637 27
747 779 10
695 353 46
120 777 45
252 488 5
77 155 19
692 768 46
347 136 12
21 386 11
402 291 46
717 323 36
654 649 41
30 107 3
648 557 24
411 684 18
73 114 8
576 145 20
639 736 15
394 329 19
489 153 13
786 414 6
130 70 42
11 578 17
271 689 29
323 601 29
724 278 44
489 184 20
247 478 19
270 452 41
715 128 32
421 208 37
176 410 49
421 583 16
243 338 44
88 600 35
581 412 48
384 783 10
431 334 12
582 356 31
760 63 29
447 527 2
108 536 20
111 82 24
117 106 24
779 517 3
557 777 32
75 501 44
266 613 33
622 127 48
311 506 44
509 377 38
601 544 43
683 568 23
459 392 5
98 224 31
554 618 32
632 782 6
334 480 32
384 499 48
481 687 49
488 297 24
642 761 3
197 193 48
123 669 8
111 228 7
770 238 25
698 471 5
197 121 6
102 577 47
668 195 30
528 142 39
717 435 36
755 633 47
83 189 41
733 411 13
520 124 26
299 234 29
163 666 8
455 593 37
786 377 14
331 160 46
651 491 25
387 61 2
244 0 43
340 795 14
302 794 15
79 2 4
418 308 4
78 662 35
623 191 17
349 94 49
163 690 3
166 726 39
102 240 6
644 202 16
435 272 31
671 238 35
149 694 38
6 781 32
798 675 5
591 136 7
374 322 41
61 779 2
774 528 42
46 754 21
708 89 41
70 577 27
79 776 8
339 357 6
661 424 20
76 88 25
121 564 37
70 206 33
552 299 46
539 217 34
238 239 20
665 159 37
164 705 21
195 338 1
166 721 30
378 666 16
708 378 8
211 463 49
318 468 1
339 537 43
60 154 38
99 100 3
48 118 24
157 22 44
660 447 45
730 778 13
384 512 19
413 788 27
393 48 17
420 479 39
270 4 5
796 502 28
609 218 41
610 240 15
644 546 37
311 223 36
349 201 15
680 603 38
730 107 36
607 642 47
205 255 44
769 568 14
530 438 40
420 534 49
365 708 45
114 611 33
10 426 30
282 140 18
292 195 30
203 402 24
72 421 13
117 210 43
562 3 8
499 465 18
542 326 10
446 92 41
666 593 33
338 579 24
743 106 17
400 385 36
229 679 7
641 582 42
331 626 43
379 622 33
166 56 35
668 480 20
556 153 35
568 442 19
790 215 26
748 378 22
758 106 23
587 13 38
192 526 12
708 515 41
576 113 35
145 749 4
553 283 23
476 351 23
406 656 30
438 794 4
495 631 24
508 320 40
47 381 20
415 270 38
744 117 21
515 79 42
329 103 47
445 550 28
703 46 34
203 520 34
413 613 26
172 200 31
297 547 13
693 751 34
496 649 31
74 194 21
756 757 18
552 150 27
444 605 27
129 168 26
649 517 47
178 269 38
467 231 12
157 265 16
323 0 19
568 710 19
721 652 6
719 364 3
223 62 32
612 780 43
168 619 20
99 552 29
435 282 28
539 163 39
197 48 31
697 325 31
326 704 30
678 378 45
741 523 38
360 201 35
510 638 32
264 196 20
390 190 47
604 620 14
262 701 49
141 536 13
350 54 5
148 624 10
15 584 26
643 456 2
683 75 33
732 779 37
253 540 12
754 168 27
689 127 33
747 443 29
575 223 23
273 424 5
723 327 43
574 696 4
688 67 49
522 129 9
13 368 1
128 456 40
8 277 15
663 486 19
616 505 27
570 644 26
101 577 42
55 573 20
52 26 43
739 689 12
557 6 7
607 219 40
652 480 34
727 397 28
677 590 26
356 340 15
514 516 7
520 510 9
517 194 15
504 603 36
397 282 24
3 398 46
14 191 39
628 58 47
123 571 24
308 298 9
526 115 24
10 157 19
526 728 15
384 545 25
244 5 17
592 539 28
734 500 36
753 372 18
713 214 20
112 382 10
567 609 38
157 724 35
94 622 19
142 669 46
1 528 12
345 624 18
732 107 11
385 81 4
81 323 44
695 106 29
663 166 27
721 20 12
107 290 19
430 152 6
382 164 12
325 624 43
388 424 6
37 440 26
501 552 18
780 92 22
338 658 34
542 452 8
274 143 46
40 117 33
442 467 20
306 672 20
224 669 5
220 788 1
364 499 7
748 222 21
571 108 49
216 656 11
446 123 45
190 564 13
485 320 15
493 386 18
784 671 5
81 709 6
788 679 6
414 266 33
225 364 22
215 555 19
86 162 36
405 464 34
57 229 20
467 83 38
71 272 41
605 777 30
66 120 1
445 58 30
630 12 36
295 684 37
206 265 24
22 414 16
708 616 25
302 167 22
496 290 6
624 67 44
354 770 15
134 300 43
512 284 5
416 474 45
432 264 17
485 685 5
707 411 49
300 375 34
542 342 14
433 4 22
652 746 40
547 692 44
474 402 23
135 750 35
53 628 26
264 774 32
678 339 3
49 728 3
723 600 32
253 401 31
242 581 8
591 178 32
507 429 7
608 438 32
281 368 37
569 161 13
690 408 39
185 582 23
653 624 32
241 728 49
540 696 48
156 597 25
50 130 17
294 403 38
350 590 27
742 624 26
727 508 6
178 181 2
233 467 3
617 321 39
150 95 34
663 204 10
753 646 3
431 82 38
588 630 43
175 584 27
623 321 26
611 95 24
388 281 22
46 784 19
432 357 7
156 269 46
336 322 5
373 118 22
442 44 38
603 128 43
460 585 6
795 743 20
684 316 40
35 722 41
676 677 3
11 69 24
23 521 39
49 81 21
786 401 25
637 612 7
601 693 4
62 184 4
768 646 28
113 8 31
674 507 13
544 57 25
79 53 45
85 622 23
552 110 9
303 482 40
138 46 21
604 711 39
98 649 42
136 696 29
180 744 18
390 636 27
481 428 24
408 576 7
3 57 35
590 647 30
506 165 48
339 409 47
280 468 13
319 437 14
625 128 23
272 468 27
650 441 48
285 175 23
677 497 15
519 192 30
24 134 29
25 96 42
587 146 39
159 774 27
405 799 46
107 22 15
794 459 46
244 794 22
784 663 34
261 459 6
466 580 17
64 675 38
621 226 34
366 372 31
317 48 31
697 629 40
327 301 19
284 730 28
217 337 49
64 286 21
195 292 46
47 639 26
605 612 23
91 505 21
96 765 28
151 581 2
153 454 46
66 60 47
136 349 46
566 329 7
51 161 26
701 112 42
333 193 3
451 378 47
38 451 22
253 263 16
224 379 46
280 590 22
769 238 16
186 496 19
637 276 36
728 394 29
169 151 41
732 757 17
150 345 30
283 62 19
710 549 5
46 643 33
305 581 46
606 527 36
194 664 23
248 617 11
290 525 41
519 652 47
645 11 49
440 32 26
395 639 26
573 163 43
170 391 39
62 300 23
779 402 9
197 337 35
779 236 11
338 687 22
345 227 40
82 771 17
648 661 41
347 7 10
746 619 14
23 423 16
433 152 26
295 676 45
410 671 20
427 564 26
302 193 25
231 140 5
311 264 37
209 184 42
205 424 33
9 180 47
399 306 10
370 452 36
130 130 22
423 349 35
190 214 33
57 635 33
616 532 41
739 183 49
638 164 4
296 519 15
447 430 2
537 623 37
539 779 4
188 121 22
766 287 33
501 483 26
308 205 34
692 128 45
627 29 22
359 299 1
611 636 29
661 194 37
329 794 21
206 116 18
12 247 23
398 246 40
314 677 32
476 589 40
362 601 16
710 540 31
780 392 5
630 334 1
290 409 25
632 383 7
552 465 41
156 310 25
103 91 14
607 76 8
792 92 31
26 407 1
719 657 26
229 723 1
304 457 17
399 347 35
22 632 13
597 459 3
158 61 44
244 529 32
169 500 15
483 152 33
620 297 2
790 234 9
473 591 49
699 343 31
386 290 41
530 648 4
291 330 41
371 211 11
262 344 49
285 655 35
706 630 10
192 529 31
56 792 29
10 778 46
193 81 33
783 228 23
573 660 28
456 54 20
243 18 30
666 774 41
400 353 20
714 539 27
308 648 35
340 331 28
173 608 14
741 83 29
780 546 42
483 13 16
66 100 14
629 261 30
426 269 32
650 298 4
39 540 40
786 701 35
278 268 43
661 92 20
594 6 16
330 253 9
270 247 33
155 327 10
717 99 45
379 568 34
623 16 28
29 167 39
582 546 14
413 405 35
368 647 17
452 257 11
206 349 41
769 225 7
65 320 41
493 734 19
525 621 45
363 205 20
197 568 30
18 526 37
32 710 37
84 6 36
544 497 41
629 105 43
203 388 1
441 408 18
591 759 16
368 34 49
551 540 20
421 766 3
653 85 28
552 120 4
150 282 23
156 283 11
589 313 26
779 781 11
523 134 21
119 270 3
549 73 6
678 49 23
347 729 36
296 63 25
326 461 35
360 278 44
320 457 24
221 251 11
224 611 7
282 695 7
39 665 41
575 436 3
128 687 40
145 650 12
797 560 25
7 235 27
683 180 27
663 361 12
424 130 18
556 734 15
162 301 4
152 702 26
721 534 36
1 440 39
750 559 6
566 733 7
7 24 41
33 591 33
668 3 28
716 320 6
742 94 28
343 347 49
143 320 10
224 57 31
785 657 45
659 688 18
300 20 49
594 305 31
70 298 35
487 754 41
505 686 7
473 470 16
419 510 14
168 714 41
473 547 31
686 305 7
57 637 39
112 636 35
739 424 44
461 100 5
606 769 10
47 753 41
119 347 2
543 303 3
534 75 8
761 165 20
149 498 16
665 103 23
624 156 38
508 341 5
43 191 37
285 711 28
705 122 44
720 781 15
362 515 7
480 299 30
490 437 32
77 532 22
120 279 16
452 124 37
33 521 10
348 565 22
563 17 46
216 197 44
783 276 8
768 255 35
177 691 41
223 649 32
479 254 15
395 688 17
561 689 39
486 274 46
766 541 33
445 284 25
250 597 1
652 172 15
526 783 49
238 686 46
140 24 17
31 315 33
283 720 10
143 486 37
216 626 40
282 538 18
787 723 46
103 141 45
690 747 2
367 376 34
317 725 44
763 428 34
277 376 38
778 21 9
389 177 33
753 23 32
55 22 44
410 729 15
707 611 25
794 369 27
399 650 5
400 184 31
402 616 20
345 186 10
158 398 8
92 551 45
355 262 20
663 566 37
531 436 5
633 165 19
383 545 35
77 107 42
246 609 24
293 314 23
408 409 32
508 51 35
425 584 7
445 214 36
584 281 16
106 318 43
110 248 42
530 299 32
451 433 22
126 293 25
237 476 33
502 351 25
700 647 43
158 796 43
54 552 30
115 324 47
605 702 42
24 562 10
151 549 35
176 74 43
510 74 27
623 784 29
290 712 2
197 599 16
53 282 26
86 728 46
313 308 37
632 647 18
120 680 41
363 703 27
109 74 5
344 217 23
686 621 9
552 139 24
699 440 4
675 47 30
467 617 47
422 489 28
125 358 18
669 498 14
351 107 49
199 386 40
442 309 26
558 97 5
796 655 9
503 707 29
30 124 31
784 603 1
780 797 27
141 227 46
772 195 22
240 159 24
638 708 28
436 116 20
636 701 38
218 205 1
416 756 10
589 647 45
613 168 1
773 550 25
401 583 43
10 170 19
184 626 5
192 503 47
666 525 34
264 273 41
522 552 25
612 675 1
512 626 42
67 381 45
13 369 26
102 195 18
178 182 21
209 46 48
195 298 27
111 558 38
573 691 39
386 394 38
113 549 31
629 264 45
692 323 32
97 484 15
292 420 1
156 417 22
349 45 18
763 389 4
86 301 35
349 504 42
788 35 27
166 746 1
609 109 20
9 290 7
74 416 6
262 10 19
762 210 7
677 594 25
792 576 37
603 681 20
327 204 34
557 727 49
704 481 3
241 784 31
375 747 38
513 33 35
582 607 35
560 423 1
141 155 35
159 353 13
173 249 49
171 43 35
79 101 14
160 406 4
537 415 6
291 16 6
509 339 10
184 109 41
672 140 27
791 41 46
579 599 14
648 575 3
547 527 47
404 720 37
679 325 44
477 283 49
499 197 20
75 359 15
783 411 20
119 83 13
269 269 49
165 20 35
667 522 10
366 511 17
326 427 15
608 109 32
799 0 10
384 775 36
679 516 21
550 566 22
56 522 3
241 190 37
740 253 36
649 146 41
273 589 6
400 708 34
90 694 14
686 280 9
730 386 29
327 524 20
518 129 29
461 388 29
24 529 45
426 240 26
585 418 27
586 74 37
100 393 37
83 459 24
177 622 15
524 669 14
143 579 45
324 103 32
98 361 49
397 732 2
361 700 2
114 710 16
169 65 13
567 501 32
178 543 17
770 212 15
699 1 37
362 87 16
507 718 17
139 377 21
323 33 25
742 633 41
481 760 14
83 209 12
618 341 35
286 512 22
586 442 30
331 218 38
391 118 23
799 217 46
249 115 22
47 420 14
640 139 21
579 141 39
32 735 25
410 176 30
14 781 27
676 511 28
780 36 38
210 360 30
75 747 34
713 454 26
338 134 36
776 202 39
253 278 1
99 727 27
618 404 33
75 88 24
705 658 45
211 721 28
264 34 26
354 787 27
186 195 20
584 281 36
397 436 23
449 548 29
0 565 11
20 405 21
573 277 36
268 352 34
505 518 2
383 89 2
394 132 19
468 325 18
179 29 34
271 663 1
183 664 18
249 525 49
148 697 25
70 424 4
37 586 48
78 7 37
362 49 42
746 76 37
636 400 22
232 532 12
483 156 48
556 196 30
218 364 23
626 12 25
251 766 29
530 318 33
721 425 20
172 123 11
44 309 34
149 381 38
581 36 46
738 123 43
794 64 26
484 639 35
243 553 43
588 394 17
508 382 33
456 357 25
114 125 6
608 240 24
688 427 18
275 760 36
630 467 15
774 744 10
436 556 40
178 203 28
399 90 6
573 724 13
265 388 8
652 603 35
677 741 40
747 334 35
297 381 49
555 676 15
764 542 13
763 503 13
115 610 13
329 793 24
223 746 49
4 741 10
35 227 49
508 437 15
71 279 1
762 279 12
698 501 14
128 788 48
234 376 21
281 418 41
90 400 35
469 19 21
95 135 23
27 523 47
101 579 4
252 691 29
100 212 21
544 175 23
707 222 24
32 268 14
231 440 22
267 690 43
708 37 13
186 362 39
454 710 35
190 112 37
663 538 27
133 732 7
264 148 25
33 531 22
177 386 41
729 75 6
497 179 22
23 126 34
278 693 17
662 140 17
425 622 20
33 403 17
652 767 39
164 61 8
441 661 42
371 371 34
148 338 4
682 216 10
507 54 18
366 672 29
718 241 47
65 696 7
300 446 23
224 701 48
193 160 35
563 211 6
375 106 5
256 407 9
360 507 40
170 479 40
76 372 41
152 395 42
668 253 44
47 316 16
327 272 38
426 98 24
544 227 12
206 778 27
491 476 42
271 319 9
439 299 43
395 444 3
183 13 16
262 581 47
353 2 42
231 119 13
59 374 21
780 168 25
649 239 12
306 45 24
251 16 40
785 409 37
545 254 44
675 198 9
301 669 5
171 658 23
739 156 17
737 634 30
322 779 46
472 151 1
384 558 23
503 355 42
555 666 41
532 576 9
452 513 27
295 132 43
699 303 6
615 128 24
430 416 11
431 423 15
475 515 5
232 685 40
678 720 14
121 129 12
438 629 18
661 555 2
85 559 7
590 94 26
741 531 41
592 444 24
616 716 8
769 527 46
701 100 3
483 145 9
8 210 30
483 692 17
214 257 22
276 780 25
339 381 22
44 75 44
188 141 7
200 44 14
65 546 43
86 782 41
393 8 1
377 521 48
267 538 15
724 80 13
726 529 36
590 248 22
329 461 29
127 514 8
489 647 49
274 328 38
15 677 30
233 348 14
132 486 12
99 793 14
430 67 7
454 155 12
410 441 31
16 27 1
736 774 31
509 380 41
549 13 30
731 648 45
558 78 24
355 635 23
693 46 44
610 771 23
596 184 9
596 502 17
723 682 47
534 686 28
427 474 41
125 294 6
786 275 46
40 601 30
366 575 11
226 554 14
364 496 35
305 167 22
129 122 27
14 283 12
684 550 34
41 166 26
140 528 43
577 718 1
742 285 42
616 125 38
666 380 10
330 685 25
444 166 7
292 655 16
36 404 47
600 545 38
510 83 6
146 609 6
425 85 45
261 468 46
722 686 20
728 497 45
396 652 13
707 137 48
722 19 19
735 510 18
42 640 30
606 152 32
539 139 44
391 391 28
170 621 11
178 191 34
272 542 3
67 770 4
279 311 14
135 333 46
449 444 18
235 638 9
108 583 30
61 385 32
620 677 24
122 477 40
184 207 10
499 373 13
173 652 12
132 160 32
366 76 26
558 129 49
703 166 19
767 461 47
792 570 9
315 293 41
487 290 3
268 100 9
676 584 30
234 175 42
454 612 9
254 500 2
227 361 3
719 638 3
15 24 25
711 85 35
294 795 13
659 193 5
393 189 34
445 301 17
254 233 19
365 101 24
68 402 5
740 530 15
40 458 16
104 15 41
274 296 23
795 92 32
667 358 5
559 115 40
113 249 29
49 94 27
652 433 39
355 292 47
15 182 3
114 237 33
235 45 31
469 475 2
70 596 33
679 471 38
606 243 38
170 456 35
575 386 23
504 577 29
55 533 22
336 402 21
135 105 41
725 791 21
242 180 39
379 585 37
495 663 42
770 584 34
478 371 38
171 148 34
660 145 7
12 330 19
6 331 17
131 78 49
447 548 32
658 204 40
431 446 48
126 196 47
566 310 17
763 516 49
198 673 28
117 195 37
144 212 28
346 294 14
46 568 30
726 150 25
537 735 6
686 176 25
210 784 10
289 752 33
397 138 37
470 398 13
500 109 31
43 561 3
106 284 20
487 497 33
365 11 16
202 479 20
446 729 13
68 429 5
216 97 18
187 126 12
133 123 22
746 742 33
561 102 8
730 638 20
672 245 18
439 111 32
439 259 44
190 727 7
774 476 27
736 284 33
31 364 9
255 280 23
169 476 14
752 618 30
119 360 17
699 559 49
189 240 31
625 96 46
292 642 21
685 456 26
325 670 38
600 329 13
457 286 49
41 686 37
632 673 7
87 76 15
478 425 36
360 630 42
511 491 39
89 402 49
553 670 38
214 619 28
60 159 45
796 640 34
423 405 28
789 390 16
487 472 19
255 437 35
2 219 31
83 467 32
759 456 10
386 259 39
440 634 23
384 462 38
429 238 10
733 558 14
518 41 25
513 166 13
32 609 25
346 88 25
225 452 15
401 207 28
483 82 46
689 223 48
422 746 19
674 188 35
698 376 20
772 132 14
605 79 8
613 195 35
519 356 49
422 22 34
635 665 40
248 564 25
460 600 2
770 67 19
250 756 43
174 647 4
461 593 1
317 240 33
76 640 3
649 397 36
555 504 26
601 81 8
174 500 1
514 476 25
617 429 23
134 192 15
143 412 23
158 325 23
660 82 24
470 612 15
483 64 11
93 608 4
441 313 10
718 575 12
60 49 35
93 80 15
410 355 1
570 393 27
543 24 17
187 372 45
738 117 22
204 265 9
493 324 19
670 233 2
506 119 31
207 568 45
156 371 18
264 714 24
181 427 41
513 192 14
397 101 9
427 169 39
400 698 7
259 521 26
362 266 30
439 594 42
249 651 19
66 619 3
600 628 30
333 350 16
698 789 31
99 268 4
729 104 13
83 10 32
48 665 28
787 158 20
240 322 20
648 450 34
713 376 22
187 290 34
324 93 28
444 343 33
181 567 1
205 45 21
797 283 44
762 287 39
360 556 4
236 67 27
378 398 31
568 488 4
91 209 43
252 292 25
706 521 2
595 151 4
82 78 12
710 418 7
273 122 18
642 118 31
643 453 44
204 241 33
46 332 19
499 566 43
600 290 29
242 739 9
332 664 18
370 650 28
345 537 49
538 10 21
779 328 17
82 653 11
346 141 47
268 698 34
339 749 14
26 359 34
567 377 23
26 318 38
688 337 6
83 9 31
372 12 25
144 785 43
78 103 37
662 328 49
339 347 22
69 678 18
108 595 37
627 408 26
132 636 12
334 634 34
585 526 11
571 269 25
465 69 40
69 112 36
302 472 11
733 283 37
317 334 20
61 344 10
550 799 17
156 744 2
118 232 29
308 601 7
518 202 7
79 187 17
240 208 22
7 358 14
624 157 1
459 671 21
662 305 8
581 488 21
710 364 41
633 167 29
29 423 28
109 203 25
91 738 8
182 685 36
305 690 2
770 549 32
335 401 28
193 614 3
550 94 1
212 602 12
453 80 49
54 445 28
431 593 34
707 1 29
369 301 11
681 676 2
754 700 10
494 332 7
662 656 36
231 88 13
657 451 9
318 778 41
48 630 40
724 29 4
378 480 48
401 445 40
407 749 45
217 276 12
675 257 18
648 203 42
258 765 15
259 135 48
212 604 30
598 446 46
735 682 38
614 418 39
637 258 48
291 242 2
433 292 20
506 80 28
510 627 32
114 204 43
709 451 21
5 440 11
723 243 29
202 478 21
380 282 13
200 462 4
304 776 38
45 464 24
99 452 8
650 57 15
427 644 43
142 98 4
115 593 44
89 368 29
150 502 37
533 737 21
225 79 8
672 504 23
559 774 39
542 126 44
521 524 1
707 440 8
161 648 13
85 395 17
793 365 16
199 304 32
295 181 29
125 789 44
381 431 40
799 73 31
148 516 49
250 329 29
336 179 12
110 688 6
568 299 24
381 105 11
757 770 7
728 266 24
422 279 30
4 26 30
766 587 23
481 64 40
21 180 13
81 731 17
529 328 29
381 344 26
67 45 46
541 0 35
148 451 26
611 515 28
212 136 33
501 18 40
92 326 40
672 309 29
545 796 37
635 192 4
600 364 40
616 635 39
659 422 16
1 162 15
687 768 32
444 721 6
107 43 47
608 676 9
520 319 32
479 710 35
519 327 23
336 679 20
521 326 1
387 296 32
695 484 16
512 714 34
513 310 40
648 648 34
633 48 40
52 273 1
25 215 43
148 735 44
484 467 24
646 584 31
571 358 32
138 439 39
599 108 20
144 608 37
276 309 9
760 9 28
670 655 20
92 462 4
646 626 19
133 586 6
525 520 18
618 790 9
553 476 11
404 33 30
124 632 41
563 454 2
356 735 44
28 785 35
247 143 7
149 132 28
634 372 29
618 38 37
765 204 40
442 661 21
209 487 41
19 743 2
295 3 4
362 33 26
474 106 34
30 254 10
116 188 43
727 457 41
671 360 31
357 36 1
622 32 32
293 305 46
171 633 18
73 150 31
560 590 6
675 47 20
486 163 15
674 646 4
32 470 35
401 46 34
493 238 3
310 159 15
731 414 28
555 307 11
452 198 10
328 325 42
468 696 47
105 444 46
110 77 8
178 317 44
142 267 39
790 35 7
774 593 44
245 730 30
467 355 47
469 573 42
766 563 17
20 453 33
353 707 44
116 335 4
528 671 48
648 465 48
365 533 34
295 770 16
594 371 31
729 493 2
72 18 32
192 135 13
148 61 37
585 711 22
728 189 3
40 690 9
719 711 1
345 597 46
45 155 21
129 463 27
126 96 29
634 528 26
181 478 22
256 90 4
776 145 28
5 292 29
531 255 39
757 221 35
103 415 10
693 687 22
777 126 47
551 75 22
672 477 24
69 714 26
151 245 35
722 596 10
425 167 48
381 613 46
14 582 32
793 315 46
8 782 5
475 518 17
621 537 21
122 577 14
545 592 33
757 301 12
401 181 28
339 186 20
327 22 15
516 775 36
708 402 31
667 33 27
379 453 15
682 233 11
51 346 44
248 768 25
615 765 29
280 86 5
794 31 8
226 233 44
744 646 15
449 673 10
461 561 9
793 436 34
469 568 5
349 741 32
8 685 33
391 499 40
37 536 19
373 529 38
215 471 18
614 58 32
561 81 23
592 787 28
286 170 45
168 339 47
377 764 19
442 366 42
233 341 47
387 555 5
424 33 26
675 398 45
598 322 22
97 178 12
217 67 21
370 100 1
251 211 45
734 249 27
336 182 41
453 789 3
796 515 9
319 583 20
168 35 7
356 741 42
568 354 4
510 609 15
476 673 37
160 246 47
663 529 14
279 140 16
799 481 19
440 771 28
752 445 7
156 779 4
449 558 25
614 144 33
275 122 31
4 495 10
588 469 14
35 114 31
305 412 21
76 165 2
232 578 18
366 735 2
143 225 5
104 166 33
774 150 22
10 579 43
229 336 37
80 760 27
666 69 46
480 606 46
366 2 24
357 494 25
483 791 6
544 723 35
218 541 32
315 158 45
656 629 18
610 377 1
766 122 8
558 375 6
263 497 29
48 655 25
505 435 43
483 686 12
238 56 16
418 276 43
698 327 28
604 465 24
662 784 46
339 202 4
630 427 42
337 729 7
273 316 29
316 531 40
309 154 38
696 29 44
436 423 30
18 717 17
223 332 7
452 97 6
439 110 10
425 351 45
749 559 38
449 542 40
217 337 21
95 363 14
678 538 35
32 410 5
358 484 43
604 587 17
449 332 33
628 762 19
730 90 8
335 271 38
79 581 31
419 218 6
530 697 13
400 331 3
594 437 14
157 611 1
646 679 48
158 427 25
246 385 29
87 447 21
792 291 36
282 27 6
111 150 40
590 345 22
82 516 1
706 78 31
711 727 34
60 108 22
524 110 21
437 188 38
602 615 29
4 460 39
415 291 44
293 683 43
555 460 41
338 332 18
54 497 31
99 203 47
319 106 9
709 667 17
582 219 35
530 482 45
487 796 5
264 557 27
744 32 44
557 427 2
404 560 2
667 357 2
698 564 9
750 33 22
526 707 15
561 709 49
170 189 3
330 419 36
785 255 1
664 406 48
8 653 19
159 628 42
386 321 6
498 705 35
219 137 18
203 772 26
411 485 42
665 570 23
718 182 22
512 478 44
550 563 49
396 107 49
37 601 31
389 689 46
168 63 47
300 288 4
711 135 18
323 165 17
498 152 18
64 739 4
713 559 44
404 187 18
505 236 33
77 469 43
188 363 20
370 386 5
788 541 18
452 90 41
62 169 8
58 161 7
545 228 11
190 350 13
16 426 5
405 576 13
342 632 31
553 725 19
27 64 43
477 674 27
733 786 49
448 641 7
581 741 31
575 238 22
387 702 19
670 384 13
320 6 34
59 131 38
297 403 43
36 83 37
175 182 15
387 286 32
745 716 28
216 484 46
629 171 22
97 508 13
156 596 17
556 74 5
663 168 38
259 218 33
55 398 27
231 253 4
706 99 14
641 556 17
526 589 20
496 433 41
282 695 17
361 675 11
113 487 3
281 2 12
730 693 12
746 666 28
165 575 25
569 575 49
473 10 17
95 26 48
392 666 1
249 154 16
507 219 18
682 730 45
216 420 8
711 205 12
75 9 42
373 772 28
359 228 43
124 150 46
125 329 48
657 15 14
237 350 13
370 631 13
727 307 24
379 656 13
418 7 13
565 691 38
387 222 5
139 406 19
720 559 15
701 661 14
519 84 12
741 288 33
51 100 15
704 80 48
385 91 33
178 464 11
797 728 29
149 266 42
102 609 33
14 725 39
600 586 49
73 252 25
141 767 28
6 641 47
112 9 13
14 449 2
414 506 14
638 93 27
639 771 19
274 507 37
613 655 49
529 315 5
570 755 28
246 331 27
486 81 25
797 674 15
533 274 19
720 25 8
659 672 27
647 382 25
373 707 2
704 192 20
723 536 8
452 381 37
116 311 34
752 765 45
522 201 31
577 95 46
766 604 16
123 467 47
454 705 10
54 164 33
504 110 25
655 733 23
118 297 29
400 448 20
443 36 13
705 264 40
256 47 15
474 786 44
791 609 36
191 491 7
281 785 39
274 295 9
444 193 18
288 453 29
674 405 39
216 658 9
49 351 36
366 408 12
767 699 22
603 33 38
90 588 39
597 487 14
