400 5000
121 38 30
315 71 15
296 80 3
248 160 38
181 229 45
358 188 33
39 259 11
377 306 44
179 202 41
253 263 49
381 12 17
115 94 1
219 326 26
390 214 47
381 42 23
362 133 41
127 311 16
168 397 5
56 397 16
332 348 27
216 347 36
212 52 46
172 189 20
227 33 24
349 92 38
56 265 34
147 301 6
210 327 11
142 151 36
220 230 16
179 48 8
200 168 10
327 245 39
338 89 30
15 272 6
295 240 26
108 343 17
243 128 13
22 181 11
364 82 6
122 59 41
221 165 36
47 218 10
201 154 39
77 101 19
197 210 39
189 102 15
202 233 23
169 152 9
168 85 10
0 390 32
225 392 47
143 131 39
184 16 29
296 123 12
319 216 7
229 183 4
281 320 20
337 140 29
102 128 32
144 30 41
113 4 4
38 81 6
137 326 45
150 259 47
236 352 12
269 115 40
110 365 13
2 318 28
231 338 28
8 65 25
90 66 3
99 25 12
310 319 1
132 9 36
6 6 45
291 73 47
301 246 5
368 215 41
179 259 39
384 156 16
64 363 15
184 328 30
60 183 20
40 176 7
361 13 8
279 67 30
142 78 4
96 134 33
9 256 43
292 33 40
11 287 6
346 21 25
114 375 13
173 291 28
396 77 40
171 392 31
206 313 2
177 258 4
53 119 6
374 282 28
105 333 19
169 269 25
54 71 45
98 223 11
240 56 27
154 203 13
384 181 14
159 293 12
222 342 44
88 71 24
51 142 35
116 195 26
272 115 37
151 339 46
315 253 5
399 251 42
235 170 4
160 177 2
31 143 29
103 280 45
311 309 46
265 106 6
281 85 25
31 222 24
373 284 31
156 294 23
69 227 32
333 234 48
297 274 7
361 78 11
309 281 31
274 37 47
96 272 32
298 299 37
287 0 23
396 181 19
43 126 20
112 389 12
365 64 3
270 184 34
138 127 9
117 250 18
128 118 23
275 304 9
274 17 37
351 127 7
303 32 21
250 28 3
89 214 26
232 102 26
302 202 11
247 21 45
257 314 28
282 218 32
121 28 13
151 214 31
346 19 21
101 397 6
264 271 5
215 301 28
243 187 47
260 310 38
36 138 46
102 74 42
78 188 6
397 61 25
83 45 47
153 58 9
108 221 30
374 110 3
253 149 19
142 140 26
38 34 42
349 383 40
21 9 40
262 52 5
75 116 8
376 268 13
46 133 38
362 197 40
240 23 32
113 149 20
62 152 38
333 9 39
42 178 15
383 200 13
44 110 48
306 326 36
158 227 47
279 398 2
87 74 34
123 215 12
343 193 38
39 83 22
89 329 19
6 106 15
130 304 42
24 398 37
380 264 35
71 133 4
176 124 43
379 158 45
152 322 45
98 330 14
394 215 4
360 296 4
142 240 23
209 205 22
279 205 46
324 384 9
365 111 31
187 195 40
38 362 1
380 341 21
237 152 26
27 147 38
124 324 49
257 288 46
16 198 31
379 367 8
332 116 30
257 106 25
47 267 15
245 280 13
39 323 3
268 318 49
380 78 22
350 291 46
390 120 13
175 296 10
240 47 28
154 74 5
338 123 25
11 172 19
193 59 13
230 91 38
81 59 25
140 391 23
395 203 37
287 106 25
61 101 5
284 282 14
59 67 18
277 313 2
363 248 21
115 363 2
162 207 28
17 39 40
224 332 41
272 386 29
376 220 36
90 148 42
184 148 11
295 209 34
306 386 13
147 326 10
364 266 18
247 395 22
362 79 9
193 352 6
224 13 46
240 258 20
140 218 45
292 309 3
28 375 27
54 89 16
70 228 47
44 105 30
379 43 4
22 111 34
39 205 40
155 155 4
78 391 1
242 393 38
343 183 22
341 53 6
210 393 14
386 73 26
320 91 5
131 13 7
272 375 2
267 361 48
275 250 45
361 297 23
304 7 32
63 395 30
124 179 35
62 320 24
36 3 44
25 77 27
13 149 12
228 198 4
78 389 24
393 352 12
140 1 2
241 320 29
148 51 7
75 22 12
117 37 18
68 25 31
67 286 39
179 7 10
153 293 43
70 337 14
100 198 19
276 356 37
258 11 16
369 74 9
276 198 12
322 231 20
228 356 4
89 177 49
289 61 20
222 1 4
215 1 28
133 26 40
269 137 14
338 24 24
336 61 12
103 360 3
398 147 39
308 13 26
39 314 10
106 107 38
146 270 49
320 280 27
217 154 35
305 268 25
258 94 41
328 178 27
140 97 35
162 137 19
229 255 48
317 250 4
299 325 3
186 236 16
214 175 45
74 283 8
22 232 37
157 198 7
146 19 14
190 273 21
320 308 41
125 392 24
374 298 6
15 109 31
274 320 16
104 366 26
43 67 39
210 101 44
173 1 28
167 233 38
391 9 15
320 169 46
288 45 22
123 18 29
65 65 34
88 229 17
123 86 40
158 396 8
88 30 45
168 336 3
363 9 3
305 289 43
270 148 19
324 28 7
169 115 40
294 288 28
356 166 17
332 186 48
352 396 21
398 295 1
331 294 43
99 229 24
397 132 34
36 103 27
276 366 10
359 210 30
236 329 14
388 10 24
178 2 48
206 191 42
190 163 16
88 251 9
133 67 33
48 27 2
109 191 8
281 365 20
158 247 15
106 359 4
118 118 48
237 155 2
63 348 38
37 54 32
86 238 14
107 330 36
196 52 26
167 358 42
215 60 16
198 232 36
349 346 15
111 241 25
328 373 31
273 95 45
375 1 41
24 81 11
213 215 48
210 197 36
37 78 39
25 146 23
327 6 22
270 296 30
214 313 40
64 191 26
104 315 13
8 264 2
25 160 16
139 123 15
147 51 4
316 168 34
113 322 43
198 201 19
338 399 38
315 386 41
304 13 22
324 124 39
289 72 49
21 214 29
10 155 27
71 191 19
2 217 13
267 375 22
4 107 39
124 149 1
152 158 32
12 247 26
192 198 48
126 42 14
391 394 28
200 282 23
294 102 24
284 201 20
346 308 44
256 221 20
338 271 22
392 182 8
357 189 7
134 376 8
28 78 36
228 263 6
198 246 43
385 383 49
377 230 35
236 290 35
218 185 32
33 54 23
368 287 46
308 307 28
269 9 21
333 335 23
216 117 44
345 242 10
117 339 28
248 114 44
45 351 44
72 288 10
67 163 2
291 59 36
342 209 5
49 84 44
251 271 18
68 100 7
303 308 42
82 239 45
263 21 15
189 189 19
160 84 27
277 97 19
244 94 48
153 258 42
2 230 47
118 119 19
311 60 45
131 231 11
110 352 6
5 158 45
21 3 49
77 94 36
320 99 26
301 325 41
160 161 37
6 221 36
287 381 8
139 231 4
22 184 33
107 123 41
230 273 6
343 11 8
153 181 34
74 136 19
247 309 1
209 166 19
246 227 32
161 98 48
192 75 34
247 286 15
165 144 3
272 394 4
35 85 42
249 234 16
47 357 34
187 10 43
249 36 17
17 171 45
39 267 9
328 89 4
271 230 13
145 19 27
164 64 13
156 256 31
36 67 41
186 215 39
54 166 5
384 190 3
39 170 31
242 178 18
234 18 10
352 156 33
229 61 38
106 180 17
108 321 41
380 104 1
63 370 38
275 179 34
373 263 22
103 98 9
73 162 37
67 218 39
90 172 3
186 76 45
286 304 39
220 313 9
170 374 12
224 116 27
111 205 21
324 315 32
138 209 32
334 318 33
50 267 5
148 385 24
349 4 2
307 294 3
76 73 19
234 52 3
317 388 23
313 136 25
326 74 3
389 248 10
289 144 37
92 176 40
147 307 8
147 178 18
295 27 49
27 279 21
138 378 12
139 396 28
15 231 48
35 196 7
79 267 39
131 194 46
208 274 16
394 71 1
369 59 23
149 279 36
217 181 36
271 209 28
169 97 42
108 85 28
134 215 42
322 236 28
238 335 39
55 172 40
160 80 10
77 226 1
152 280 23
158 230 25
219 245 21
336 108 13
188 395 22
214 200 37
346 399 20
154 374 13
127 377 27
200 28 1
362 338 12
102 285 26
94 253 22
293 14 49
276 119 2
366 396 49
104 17 39
153 213 26
278 361 39
79 301 46
273 118 5
64 311 13
350 65 14
300 157 10
57 374 15
54 20 17
42 378 27
258 156 33
364 385 14
164 50 21
199 306 34
221 302 36
78 389 4
304 136 30
101 178 36
113 209 13
46 384 33
249 197 36
234 258 15
341 77 9
198 361 20
182 299 12
210 221 17
193 113 33
119 26 27
145 229 23
103 98 47
308 121 30
95 89 49
52 151 31
18 227 1
40 229 46
309 327 26
208 129 3
249 187 34
350 294 48
317 49 26
242 203 1
139 343 32
379 211 7
122 306 10
91 379 7
99 357 14
368 243 15
57 237 31
144 311 16
205 165 8
94 112 24
201 321 43
18 197 22
295 330 24
196 174 19
286 389 49
322 180 33
9 71 21
398 177 42
257 343 12
88 34 31
207 317 16
144 256 42
376 393 43
381 123 26
50 359 7
298 14 41
36 295 10
377 272 5
206 397 48
160 322 6
226 16 8
105 389 48
216 390 43
341 288 1
59 377 16
288 19 40
304 232 33
155 338 2
39 318 46
98 101 34
282 333 28
268 232 37
16 126 35
358 87 2
17 127 22
85 345 3
341 273 17
111 26 47
364 358 5
259 156 15
146 85 32
4 312 35
98 325 11
237 290 26
385 95 43
248 317 20
62 293 36
307 271 46
241 298 44
170 239 29
338 82 17
378 287 40
318 95 12
114 367 40
393 104 21
161 1 1
165 177 11
207 131 9
147 118 33
44 303 23
334 165 1
95 325 21
90 224 2
131 177 13
73 18 3
302 41 32
101 227 13
15 144 49
275 348 22
86 385 18
359 313 40
239 65 17
4 177 8
77 9 3
114 234 46
377 251 3
138 94 28
173 186 48
260 101 29
117 351 25
176 165 42
355 254 17
328 287 23
113 218 32
22 390 19
279 245 20
159 26 1
314 56 5
201 224 2
345 210 32
272 247 35
253 54 1
312 188 17
367 287 28
227 159 11
134 20 23
2 283 35
203 110 37
320 162 49
306 371 10
101 312 18
158 2 8
166 182 1
96 116 49
17 316 18
241 330 43
114 319 22
334 395 31
45 119 3
164 223 45
364 335 23
168 384 17
138 348 44
56 384 35
198 361 10
118 163 27
189 174 26
347 342 32
387 247 17
121 334 1
288 228 46
247 140 21
392 189 9
371 256 43
348 137 44
166 321 29
189 268 33
324 203 19
129 280 44
235 394 28
302 319 40
5 200 19
345 354 7
113 193 35
36 61 9
314 365 19
137 146 35
270 140 12
103 183 37
96 271 37
375 339 7
263 321 18
313 285 15
63 320 30
358 195 17
389 213 34
34 324 38
9 256 20
245 343 13
16 142 4
361 269 45
19 173 38
120 194 42
192 368 47
300 217 12
99 381 49
315 216 33
247 350 4
201 161 42
94 170 22
387 153 45
0 380 13
167 205 48
111 342 43
40 348 6
172 237 43
83 115 12
69 109 21
346 225 31
0 386 4
197 237 11
217 254 18
337 83 43
223 111 14
170 156 21
235 295 43
345 254 33
348 302 8
388 330 23
122 388 4
30 62 49
305 355 28
306 259 16
304 197 22
112 105 24
310 377 14
282 262 17
141 65 41
368 186 28
319 348 32
242 281 19
386 291 4
131 346 29
320 147 42
399 38 20
54 268 43
347 347 32
27 215 17
265 47 14
138 284 35
6 385 36
80 329 17
85 315 47
371 357 24
396 297 15
288 224 13
93 361 28
348 43 37
376 137 19
340 177 47
263 362 5
137 188 46
105 342 43
158 147 26
75 355 4
161 385 48
172 275 39
384 7 31
272 43 47
182 256 3
77 26 13
299 393 37
58 272 41
164 15 26
67 172 43
181 361 28
229 206 21
369 9 46
189 102 37
54 399 19
66 379 29
131 376 34
226 392 17
18 77 1
137 87 21
116 206 6
102 63 9
319 192 31
351 22 37
261 130 7
1 266 1
122 258 49
216 18 27
201 183 6
28 148 26
2 59 24
61 274 21
313 160 2
155 305 25
269 86 46
79 213 21
34 379 35
31 26 4
132 79 34
390 88 49
339 141 32
386 166 15
305 22 25
229 115 2
398 33 40
117 270 17
316 279 29
121 340 43
134 328 11
94 192 22
228 36 21
395 369 11
270 385 47
89 295 10
350 306 39
267 378 19
156 169 22
373 199 34
281 306 9
165 394 41
25 370 43
91 268 49
24 344 12
70 362 40
165 388 44
45 180 38
313 1 2
348 321 11
87 142 28
219 318 49
218 10 8
121 191 26
349 48 49
197 168 2
264 246 5
111 56 24
37 218 35
323 226 5
361 65 4
215 376 31
117 346 44
23 25 25
131 92 6
239 69 35
39 234 5
222 87 44
112 129 35
343 7 17
278 58 47
44 40 36
358 391 16
302 279 11
330 387 16
251 267 23
208 348 28
6 9 4
39 378 31
394 74 48
320 22 45
233 90 21
222 117 19
175 398 13
204 223 33
92 292 46
326 304 12
99 387 12
248 11 47
178 146 18
226 62 13
272 300 49
96 107 35
42 378 20
373 193 5
272 50 44
278 113 26
112 223 32
164 339 14
125 339 34
103 282 1
218 108 25
206 112 8
289 5 48
29 262 33
281 350 24
125 247 42
206 269 42
127 291 32
35 145 48
340 218 38
113 283 24
8 143 19
46 113 29
120 249 42
268 112 5
258 126 37
268 306 12
161 299 22
322 173 27
363 82 49
234 224 2
113 245 6
156 381 40
10 115 25
220 146 5
171 151 19
240 20 43
266 112 6
145 220 23
313 0 21
295 87 32
350 43 43
90 113 36
187 389 25
253 233 32
262 322 14
381 153 44
136 172 4
227 399 12
197 288 27
187 247 49
369 319 23
238 226 16
154 148 32
233 84 44
304 154 22
265 270 48
56 171 42
343 328 17
311 399 39
72 365 18
325 277 36
168 67 18
222 138 36
344 140 39
149 191 41
107 358 24
215 11 12
15 396 42
98 76 23
175 235 30
5 300 37
117 265 1
166 32 25
283 289 39
258 305 16
233 333 30
323 102 21
161 245 33
232 93 23
193 365 10
59 233 2
94 73 21
117 0 18
317 165 24
229 353 19
149 377 10
139 43 2
185 321 24
117 96 14
222 290 35
38 13 21
349 300 16
250 211 18
332 28 45
111 155 34
347 5 46
40 162 10
266 35 26
211 53 37
19 9 21
196 122 28
130 7 12
206 138 27
114 276 46
231 368 43
103 331 39
188 175 14
386 224 24
393 23 32
247 54 44
179 148 43
103 199 19
239 1 29
215 130 7
344 8 35
368 234 45
358 308 12
290 218 4
148 197 44
39 101 14
216 19 29
360 111 28
373 273 27
31 7 3
102 375 28
262 335 45
57 372 10
198 354 2
38 16 18
34 154 48
33 92 29
131 124 18
82 144 35
45 357 6
154 329 31
93 147 27
260 366 25
341 355 24
3 190 39
109 371 29
131 41 43
19 47 28
26 126 6
254 224 44
196 103 47
391 273 45
57 57 3
296 330 12
356 318 21
183 355 9
374 268 47
197 60 31
255 399 49
339 105 14
113 389 32
379 206 48
343 117 24
204 146 49
125 286 30
107 94 47
358 52 39
366 150 8
366 98 27
27 390 49
90 161 9
94 346 34
137 381 14
286 351 2
379 50 26
120 254 29
355 340 14
232 197 3
89 172 49
144 152 4
191 127 20
220 127 40
375 29 29
52 346 44
290 85 25
215 115 5
290 125 47
91 324 4
211 230 23
242 204 9
189 62 49
8 230 39
27 337 2
375 304 22
20 101 33
73 333 28
60 271 31
126 310 13
351 334 1
146 5 11
325 52 29
13 382 23
179 229 41
82 115 6
16 81 46
121 97 31
36 381 26
295 55 22
221 321 8
266 8 27
213 130 32
22 46 18
251 145 36
362 53 43
32 249 13
61 208 26
313 71 21
147 0 1
332 242 44
125 384 43
339 40 25
243 356 10
299 87 48
96 157 31
394 173 13
40 334 26
347 254 27
217 84 7
391 78 17
263 308 27
336 123 12
347 249 34
206 159 36
317 264 31
270 382 39
262 342 33
229 75 20
301 281 49
167 89 23
215 149 20
136 385 22
20 238 18
355 376 15
248 190 37
137 160 36
228 327 13
10 317 21
368 108 43
68 8 27
206 252 13
185 55 15
242 103 4
46 104 36
375 105 1
353 313 32
377 27 27
150 124 34
126 75 37
15 187 23
378 174 27
372 125 14
63 201 15
326 30 8
60 274 40
234 57 44
38 393 23
76 310 5
385 197 31
112 367 43
232 252 49
322 261 13
187 379 3
216 98 15
41 131 40
368 44 25
224 214 6
230 85 13
243 323 2
232 224 37
23 190 46
221 39 30
16 142 37
159 118 19
48 4 36
54 37 16
123 294 22
103 229 22
290 395 22
185 134 21
395 71 20
293 116 7
310 208 18
175 43 31
6 327 47
104 99 39
396 29 31
87 2 8
31 173 9
4 303 19
252 311 22
25 40 12
194 289 24
227 375 30
358 98 25
46 373 11
96 378 34
149 34 44
28 56 34
245 385 34
77 95 1
319 201 33
212 348 44
132 69 22
196 397 35
344 295 45
175 207 41
287 356 21
365 194 25
260 172 6
292 128 21
384 97 35
114 154 23
321 19 19
386 151 47
320 15 1
61 56 12
297 73 48
49 105 23
339 257 48
49 248 14
268 241 46
283 5 20
192 144 30
358 224 29
363 383 37
72 2 30
120 201 41
38 248 44
380 87 6
260 159 26
170 373 34
199 134 35
64 206 4
267 210 34
17 122 5
276 321 15
309 241 13
156 99 38
19 132 25
91 392 3
267 179 33
6 390 16
380 359 28
168 110 16
101 108 16
344 208 14
367 296 18
113 209 35
354 375 49
294 376 8
164 358 9
183 299 32
207 370 36
67 14 23
187 38 27
96 194 27
83 45 22
20 14 46
200 312 38
72 178 2
390 348 49
49 166 6
33 288 13
39 257 20
223 13 16
306 203 24
304 9 33
381 27 29
376 195 49
380 262 11
235 181 7
105 359 24
27 12 25
132 239 8
268 79 45
386 128 3
146 43 7
87 292 29
340 375 16
339 74 35
227 246 13
64 74 32
286 259 41
12 127 7
228 142 39
372 351 12
183 365 22
57 264 28
393 148 38
205 111 10
86 269 24
99 194 9
285 219 28
46 183 11
384 219 9
176 84 16
67 183 39
21 48 10
257 55 48
270 278 1
150 26 36
0 190 13
259 343 7
390 365 25
166 61 30
219 327 15
314 324 45
195 46 4
399 207 9
86 272 19
82 283 15
136 21 45
208 115 34
389 69 2
70 152 22
9 67 22
186 62 31
14 309 9
263 191 17
136 341 10
45 28 33
69 301 14
237 126 34
174 324 14
149 348 2
338 114 20
3 224 37
84 377 46
291 16 25
181 351 47
306 348 11
120 351 20
82 4 1
166 151 48
335 370 17
371 104 30
16 5 30
350 92 32
266 117 4
393 380 4
316 291 37
2 346 36
244 161 46
256 365 18
187 260 40
32 262 4
213 68 46
192 384 41
353 107 38
280 55 34
164 58 19
55 287 2
89 20 5
8 240 9
384 69 41
206 210 40
56 231 40
108 248 32
319 357 44
364 314 49
166 349 13
287 296 1
103 266 11
329 2 32
397 65 44
105 320 1
166 229 38
288 109 27
237 230 2
93 269 35
219 208 45
176 278 14
309 162 20
166 73 26
228 340 6
138 212 1
238 154 28
285 153 33
145 97 19
212 300 18
315 84 46
38 237 14
320 282 20
181 251 30
295 334 13
190 179 45
12 243 44
399 46 39
236 38 39
264 67 28
329 237 44
208 167 5
60 112 26
269 29 8
158 267 28
88 226 9
393 182 14
170 35 10
69 22 49
99 147 28
260 158 22
259 331 30
26 366 28
247 327 3
0 214 8
240 25 33
232 358 39
23 7 27
79 141 28
108 221 23
361 99 37
94 173 18
194 105 34
58 253 3
103 207 48
306 227 8
290 20 20
321 113 20
250 272 23
293 389 20
126 199 13
214 207 26
79 176 41
296 250 29
258 276 14
21 338 27
157 376 24
120 293 17
58 195 35
137 193 44
366 323 32
233 6 38
288 276 17
3 71 1
326 390 10
145 162 31
203 164 49
275 166 18
329 55 13
353 349 13
240 59 25
258 256 11
174 292 23
81 31 15
157 308 33
270 6 29
231 133 8
291 81 23
170 323 28
31 268 39
171 234 49
256 72 15
366 99 18
33 222 5
258 128 20
94 260 41
248 65 31
5 306 49
233 180 17
319 123 12
228 303 47
349 345 39
100 62 37
0 238 46
43 362 18
7 96 32
132 310 48
169 285 16
385 36 18
38 321 8
308 215 45
184 268 8
284 296 48
184 91 13
29 174 46
220 151 30
68 25 18
200 212 15
88 73 25
84 163 18
316 134 5
348 214 18
30 148 23
368 70 7
206 376 42
261 371 1
232 185 23
396 13 19
105 169 1
167 103 2
175 262 29
326 380 27
53 133 41
131 67 38
100 206 46
114 87 41
304 51 14
139 26 26
172 147 24
346 389 40
165 347 43
58 88 13
60 153 49
38 6 20
292 359 48
345 379 25
148 393 34
100 293 11
397 150 28
266 4 22
218 317 45
354 162 41
236 317 14
192 46 40
36 84 47
174 54 13
232 352 10
226 186 23
344 316 36
83 326 20
345 219 26
370 24 4
317 145 2
97 179 12
238 161 45
158 266 27
160 230 7
321 184 39
196 134 17
28 167 45
271 165 8
234 399 2
136 46 9
25 27 1
146 329 2
388 17 31
141 282 44
285 110 38
5 212 8
349 381 39
375 341 23
233 20 39
121 373 40
289 74 7
328 376 42
323 7 33
366 289 47
23 334 20
298 269 24
56 124 14
348 129 49
14 333 8
247 45 34
388 188 41
171 221 34
164 398 14
1 272 19
367 3 36
396 174 44
235 377 12
174 168 19
51 151 21
248 215 31
339 159 42
109 130 16
198 265 6
336 343 46
17 269 8
351 118 35
89 70 38
358 26 9
358 356 44
8 240 47
56 233 38
148 290 1
90 102 39
11 167 39
144 12 49
60 79 7
61 92 5
273 262 44
253 384 45
378 139 45
30 360 19
80 308 5
112 86 47
121 377 19
360 343 24
126 346 48
216 182 8
306 308 42
0 388 4
354 234 42
91 297 29
33 35 23
184 137 30
266 94 3
124 224 32
63 192 39
212 274 33
312 366 6
137 56 35
193 227 16
106 41 23
26 74 32
92 126 17
220 75 13
245 160 24
168 303 21
327 75 33
358 253 39
383 30 15
181 289 15
260 244 19
367 263 19
38 101 31
371 11 39
314 172 33
193 212 31
137 387 20
106 292 36
80 208 19
269 209 22
4 301 31
118 226 34
325 317 29
341 265 28
256 137 7
183 326 4
84 105 27
142 262 18
362 214 46
289 40 16
219 310 43
395 97 47
281 13 2
318 167 44
332 150 41
47 1 2
131 101 31
394 227 34
224 116 14
127 174 19
260 28 23
199 100 37
128 29 37
242 107 10
381 346 45
283 336 36
146 161 33
387 387 42
264 22 30
142 65 21
292 362 47
274 314 15
191 6 15
140 210 34
199 148 22
116 229 47
66 137 36
345 66 33
118 154 29
210 212 11
276 124 15
239 326 24
132 286 17
89 118 25
85 117 37
300 109 31
297 386 13
42 142 31
31 210 9
202 334 18
226 3 2
370 191 11
194 314 47
205 196 20
331 18 12
65 353 22
242 238 28
300 177 12
210 211 12
31 172 23
132 14 39
176 78 10
365 81 8
271 228 38
395 307 41
237 352 40
263 394 18
293 253 40
176 367 4
9 235 22
52 209 23
353 70 9
92 363 27
38 124 37
190 280 5
19 280 10
31 134 33
65 175 14
395 87 30
42 382 24
287 137 33
386 377 49
352 122 25
304 217 10
22 350 47
232 327 46
179 234 35
32 218 6
50 27 3
195 221 25
2 241 3
156 49 32
258 253 4
180 90 12
157 322 29
387 8 23
133 241 15
184 180 47
305 200 45
250 55 7
293 265 3
317 157 38
308 202 3
108 375 11
70 377 39
385 8 11
82 284 20
229 57 28
120 241 36
163 288 26
392 354 30
61 120 47
299 61 15
12 320 33
156 173 16
374 134 25
126 291 24
223 142 4
221 97 47
204 185 15
319 331 42
292 156 39
325 328 13
221 213 14
85 267 41
247 117 14
307 95 17
227 219 42
396 303 8
282 275 33
141 224 30
73 134 35
222 47 47
105 153 40
209 311 38
242 39 45
116 1 37
191 46 13
271 296 47
379 217 6
213 339 4
168 261 39
51 43 11
3 399 25
93 298 31
28 217 23
265 327 34
85 24 22
333 332 15
305 153 30
320 200 45
223 9 12
0 203 49
9 17 16
363 114 4
304 263 29
43 59 44
122 134 16
68 20 27
185 355 44
365 140 46
97 387 34
336 107 37
204 306 3
40 107 28
38 366 43
303 115 6
233 120 11
214 292 16
183 51 31
37 324 4
134 235 40
235 103 39
182 351 34
299 45 42
262 112 36
393 157 21
159 68 46
344 184 23
286 375 49
194 64 24
277 8 19
275 84 27
318 245 7
94 240 7
261 390 41
237 153 25
317 318 13
72 267 26
89 31 9
96 367 9
42 385 19
69 194 45
66 365 2
356 275 5
322 374 39
84 394 45
111 382 40
334 78 38
277 211 20
107 231 11
336 332 18
352 357 36
392 287 36
35 316 13
26 12 35
53 55 7
226 22 12
391 75 27
183 229 45
193 327 32
371 346 19
103 233 5
206 75 9
326 168 16
105 164 49
35 106 45
135 364 24
385 389 14
285 396 40
197 95 33
45 63 40
304 213 45
93 130 8
249 0 26
375 41 44
208 292 19
167 142 26
3 29 11
312 143 16
206 311 17
70 372 25
350 78 45
64 235 28
319 148 41
211 323 44
323 78 35
147 34 13
278 176 40
225 189 45
187 314 47
57 154 44
336 10 27
187 346 19
234 191 35
328 173 16
35 256 34
275 177 20
115 93 19
214 385 1
106 27 33
81 355 32
378 395 16
386 87 43
151 180 20
166 42 32
150 315 3
180 264 15
346 319 13
229 274 4
170 72 28
372 82 25
47 342 48
304 339 39
168 234 27
270 8 39
330 74 34
14 13 6
276 176 41
345 310 5
108 6 42
339 141 31
139 389 9
387 47 12
13 326 9
306 270 34
49 40 29
382 346 7
49 267 18
236 282 48
237 24 19
280 78 35
117 72 16
97 262 45
87 237 5
293 60 37
80 193 47
239 188 31
330 273 34
42 295 12
94 320 42
118 30 49
240 248 11
113 347 44
365 100 17
290 87 35
183 172 37
373 133 23
87 38 15
191 81 37
227 385 6
311 25 32
158 199 42
328 24 32
247 283 44
125 380 5
94 20 9
251 183 12
210 351 5
147 54 30
128 197 43
137 333 3
50 345 7
393 350 48
91 23 18
257 80 3
79 155 36
73 114 7
321 364 9
363 149 48
246 300 46
380 336 18
243 135 39
219 234 5
166 33 21
20 226 49
182 70 18
103 310 15
389 168 7
385 97 3
337 201 28
111 50 49
49 168 42
340 327 18
358 162 21
322 300 47
393 21 3
94 181 43
110 292 23
286 103 3
14 210 36
188 174 46
227 268 2
252 266 45
319 360 38
396 263 26
142 394 21
351 231 36
25 244 33
384 191 41
31 188 23
347 159 43
180 246 45
87 295 12
49 203 38
374 231 8
62 279 5
116 333 8
141 211 36
67 388 12
218 165 44
307 376 13
372 336 8
202 190 41
394 66 22
5 178 11
159 207 26
235 67 46
228 156 28
57 360 12
320 168 24
18 386 29
40 47 8
331 215 8
194 207 35
325 205 39
390 14 15
356 286 25
217 280 27
191 243 15
113 190 35
356 57 39
100 201 40
52 99 49
267 346 32
331 265 25
108 121 16
136 195 23
295 86 6
159 63 15
362 160 37
120 139 6
128 374 19
337 253 33
43 67 49
52 333 19
259 49 28
111 355 2
360 172 28
344 151 7
260 329 15
126 365 49
129 342 26
352 158 27
193 357 30
128 259 31
393 346 24
162 294 6
146 296 22
37 345 33
195 128 49
194 180 13
9 251 41
30 194 21
200 27 18
263 338 15
354 384 48
201 83 47
148 91 21
361 163 4
193 212 15
275 207 45
215 259 21
3 262 28
383 128 12
348 217 47
149 247 24
339 97 29
246 80 20
202 331 33
305 240 35
374 269 14
152 320 36
32 148 25
346 155 24
221 72 12
98 398 45
62 185 7
73 382 5
334 157 14
391 177 12
128 119 9
29 98 22
311 348 24
18 15 31
184 20 49
42 313 39
54 296 2
51 71 45
261 256 20
145 225 22
361 105 15
84 107 42
265 317 34
151 398 30
238 73 14
284 252 16
145 338 6
370 86 9
98 72 36
367 246 34
144 320 26
360 369 28
392 223 38
23 144 28
54 256 32
366 25 1
334 370 1
33 125 19
354 17 15
96 220 21
12 41 31
111 12 12
345 261 27
388 175 43
284 95 36
245 297 17
193 315 4
351 53 12
394 332 38
1 34 17
132 157 33
156 156 5
196 215 40
322 29 2
142 105 3
385 313 41
321 49 24
74 210 8
227 258 1
114 128 34
63 170 47
88 380 12
109 32 40
2 226 18
266 74 22
394 137 17
321 159 42
309 399 38
341 142 35
216 195 30
231 170 42
305 284 44
256 365 8
61 263 31
232 24 43
62 196 31
21 395 33
359 52 45
126 254 44
235 357 31
320 320 11
63 157 1
130 77 28
155 193 44
56 88 34
227 18 28
356 368 44
4 257 34
356 131 23
325 184 25
177 193 22
315 184 23
129 396 5
117 169 33
109 342 15
357 369 35
96 241 16
346 195 24
58 339 40
275 157 13
253 276 39
263 105 11
107 154 24
202 128 22
18 149 5
126 325 19
256 294 31
135 48 45
361 7 36
199 53 41
247 356 39
110 191 46
243 286 33
340 58 24
326 155 3
115 158 31
112 132 48
28 82 2
265 59 31
59 308 28
83 160 41
365 362 14
310 373 44
1 74 30
56 18 6
272 215 48
83 180 41
40 143 42
101 198 22
82 3 36
219 311 4
76 148 9
356 209 40
312 54 6
384 114 21
233 99 45
237 349 16
251 212 32
94 226 47
324 115 13
108 76 31
323 187 26
313 362 49
135 234 35
90 29 24
130 300 22
256 270 1
65 163 41
110 387 4
133 26 48
134 271 30
282 15 27
173 132 27
333 260 32
284 195 22
295 76 20
54 371 43
298 335 41
293 92 31
23 99 45
238 114 44
236 110 45
308 247 18
212 78 1
4 153 27
375 202 42
354 266 34
377 229 30
90 24 14
201 37 21
294 288 5
86 24 28
123 241 24
229 271 25
52 115 16
385 334 41
139 46 11
327 117 37
177 95 5
190 138 17
276 301 4
90 256 27
149 160 29
309 3 13
153 278 14
16 154 26
300 288 28
112 381 41
232 79 10
158 395 14
155 306 26
278 158 13
298 15 13
199 15 37
124 254 20
119 374 21
21 282 10
4 66 27
224 373 11
375 302 46
285 145 47
179 34 23
31 35 30
262 61 5
84 190 11
370 299 1
308 327 3
218 290 43
281 330 47
305 255 13
138 13 5
49 257 29
348 105 30
201 176 11
314 265 1
168 7 44
40 65 23
203 30 47
369 151 41
47 0 22
384 22 29
392 246 11
330 115 43
79 107 24
7 9 12
295 40 27
252 313 21
113 86 13
180 300 49
348 287 24
114 397 35
263 206 39
230 285 18
358 152 12
102 59 45
303 31 34
134 332 26
202 8 38
318 157 23
102 165 26
131 372 35
29 165 12
348 27 33
398 176 30
289 330 8
354 351 21
345 90 34
258 174 30
82 316 18
319 127 48
380 292 21
280 128 6
355 224 34
66 97 17
187 220 18
381 26 15
221 141 6
301 98 2
13 238 15
131 285 31
335 138 42
93 264 43
184 30 39
329 243 12
311 296 33
86 37 3
179 87 6
15 246 44
149 90 47
202 265 41
143 81 2
63 128 43
310 323 4
83 278 7
156 222 2
395 62 32
359 154 9
140 31 38
71 354 18
394 362 5
109 355 36
78 98 31
212 13 48
102 12 42
326 14 15
389 307 18
107 141 24
341 228 31
9 86 7
279 176 42
124 236 34
336 134 23
169 242 22
378 126 7
164 200 18
171 368 36
53 320 38
389 205 49
55 277 3
122 122 40
384 118 44
386 14 49
105 385 26
4 229 37
190 205 5
397 272 46
24 37 29
47 11 37
391 92 35
179 246 10
130 256 33
88 74 17
218 62 3
239 288 42
253 39 47
149 347 15
273 307 2
113 31 40
98 244 16
44 6 35
229 320 20
199 182 28
222 177 44
336 149 14
129 218 33
36 229 23
23 75 21
292 132 26
164 301 26
20 354 2
199 83 44
234 365 39
77 176 34
37 115 23
81 80 47
385 276 33
66 245 28
175 223 19
39 349 46
356 162 38
181 218 16
373 159 6
155 380 35
7 243 6
45 130 16
322 396 1
73 143 10
242 239 43
76 28 2
398 105 25
359 148 49
287 120 46
343 385 24
276 78 22
281 180 31
101 24 1
380 251 17
85 290 25
9 281 32
397 96 45
377 246 14
131 146 4
303 265 12
247 328 12
28 97 12
261 44 19
101 209 6
75 306 43
260 322 32
305 120 17
253 383 19
244 176 43
291 345 47
315 1 8
149 181 33
348 87 20
388 52 5
168 378 38
191 296 43
132 138 5
129 138 28
257 141 4
383 65 14
152 162 30
171 76 11
336 321 25
102 52 18
243 1 18
346 293 42
361 257 48
368 279 22
234 8 42
279 105 28
64 78 26
306 187 25
340 392 16
29 373 14
77 349 42
45 62 41
72 65 47
178 103 12
394 373 34
140 249 13
315 180 34
326 18 46
164 299 21
96 298 46
304 48 33
184 127 20
185 29 39
105 270 30
391 386 31
94 383 15
390 309 16
6 213 38
157 338 7
283 340 9
94 126 21
147 0 21
320 139 1
62 247 39
119 105 20
288 172 26
248 93 18
201 292 11
258 310 7
309 70 25
396 384 6
160 102 16
97 113 7
16 61 1
48 149 34
49 171 19
161 378 47
288 117 21
291 72 7
139 390 16
194 312 9
161 175 29
59 257 5
314 137 47
15 384 10
256 26 24
319 299 32
43 56 12
315 125 17
152 4 47
94 18 8
329 115 42
55 213 41
328 339 29
40 42 33
309 232 26
309 321 11
212 187 10
391 280 31
14 395 40
122 301 16
191 137 27
5 201 43
245 112 40
265 147 7
117 244 13
190 137 10
391 303 6
205 183 24
369 287 49
394 157 49
239 249 2
37 168 44
250 297 27
56 174 11
216 362 49
119 274 21
268 333 24
86 287 43
161 145 45
113 235 35
1 289 47
181 115 8
68 295 12
148 194 6
279 290 32
322 355 13
277 343 7
392 328 45
257 227 30
364 215 37
156 287 48
166 141 11
286 208 10
343 72 18
399 92 45
49 71 3
272 385 32
227 203 17
299 368 38
300 376 11
287 173 13
255 111 19
156 386 9
141 71 38
253 132 49
220 399 9
251 50 35
93 79 13
151 173 32
149 132 14
362 246 27
74 353 41
19 291 16
394 341 38
74 389 2
222 71 24
52 134 10
255 255 41
385 95 38
212 250 4
2 173 15
28 242 46
173 89 19
392 390 5
166 97 23
381 178 4
390 393 14
98 189 16
389 230 28
116 118 28
318 217 40
69 389 36
170 163 31
370 359 18
156 326 8
133 397 32
44 147 15
34 256 13
3 377 22
102 44 31
279 379 38
171 252 49
121 330 49
371 60 8
205 274 27
186 241 49
291 221 43
142 153 41
14 362 43
194 246 23
41 89 1
240 147 25
29 266 14
331 335 28
273 245 4
136 149 18
386 250 48
387 130 38
263 263 10
199 150 27
375 137 16
60 349 42
21 262 18
249 161 16
197 374 36
98 61 46
311 224 5
32 93 45
6 125 19
382 153 46
112 26 20
303 317 41
15 184 4
58 145 44
95 93 10
326 21 31
66 24 41
240 19 35
10 195 43
252 320 37
45 175 27
11 64 4
145 345 25
280 201 37
358 359 19
70 223 47
144 38 30
86 95 41
257 83 22
265 287 29
394 96 16
285 288 45
362 261 49
372 381 48
173 359 13
236 145 12
347 313 35
216 101 43
392 306 27
98 87 49
106 277 44
6 155 1
357 197 26
260 330 45
279 53 17
291 201 48
395 146 45
100 45 48
132 320 37
13 225 7
261 41 14
123 168 4
266 301 24
273 230 20
7 177 24
36 148 19
292 181 32
100 207 39
301 205 8
53 43 35
181 308 30
353 342 4
212 284 49
111 258 15
287 54 21
279 25 28
179 261 18
276 56 11
69 280 7
315 115 31
203 69 9
356 10 30
397 316 19
218 229 28
189 381 32
195 294 14
151 318 15
284 390 30
58 49 21
364 86 16
149 309 19
396 20 20
114 36 15
163 11 32
15 196 3
169 364 27
328 182 5
305 259 30
245 148 49
194 259 45
286 98 47
54 93 8
217 99 41
201 239 20
3 323 32
229 356 25
353 73 36
115 204 12
293 43 16
353 238 23
60 330 44
84 238 5
361 5 7
258 344 27
161 109 47
370 29 49
301 328 19
46 47 38
137 216 28
304 371 23
302 283 40
213 347 38
98 194 17
210 114 42
281 135 38
312 298 28
129 188 3
104 10 10
345 172 35
25 251 31
247 28 38
224 359 25
71 223 15
177 119 3
272 186 10
200 195 38
365 217 38
235 219 13
362 316 36
10 338 41
236 78 14
60 288 26
124 34 35
299 89 47
58 327 36
171 394 22
135 213 9
65 249 35
144 13 34
278 200 27
274 258 17
17 395 33
376 104 36
310 145 4
233 325 46
115 232 9
364 316 47
148 171 9
169 338 37
370 299 21
223 0 41
139 328 22
256 80 9
263 324 2
225 196 32
222 73 33
4 306 19
118 87 16
291 297 49
182 121 13
122 201 30
38 18 42
377 71 5
99 218 40
326 58 19
37 357 26
36 42 41
372 28 3
323 76 38
351 287 32
77 349 16
183 101 34
375 186 44
319 335 46
98 294 45
94 7 47
350 207 5
20 232 14
249 191 17
373 373 25
137 352 35
67 302 11
125 373 25
204 252 44
128 387 19
81 38 38
151 245 41
145 228 3
208 34 41
371 119 5
44 232 8
307 179 36
258 360 35
257 384 16
130 223 27
147 325 12
119 274 28
123 276 1
314 277 23
235 246 8
59 397 12
138 300 30
243 18 42
313 170 39
225 202 44
53 301 27
266 32 26
252 280 16
56 50 11
45 186 34
210 123 33
363 355 24
299 69 1
67 343 3
302 4 7
218 202 5
391 162 1
373 176 11
83 1 36
210 359 44
349 91 25
208 198 17
142 331 27
86 170 39
321 359 38
247 59 29
287 372 8
187 95 17
365 183 29
28 261 31
237 390 43
359 342 14
334 82 13
318 133 10
342 221 37
188 371 21
361 394 42
354 375 25
91 140 10
31 168 15
228 376 28
391 144 45
383 348 23
390 290 9
336 300 6
46 54 49
29 368 14
166 304 43
4 197 9
199 211 14
9 172 27
218 58 23
315 211 27
17 166 40
362 262 32
9 50 1
39 9 17
225 372 9
111 168 23
253 136 12
124 389 33
117 114 16
173 135 25
206 382 26
108 309 43
329 235 28
315 329 30
251 342 26
165 60 49
88 7 15
138 199 8
19 368 28
102 268 28
34 105 2
39 324 22
367 101 2
266 214 1
187 324 44
152 50 37
218 274 23
84 281 24
248 283 8
60 102 18
30 190 43
188 14 45
145 253 28
83 271 16
383 398 36
8 27 48
68 101 11
5 371 40
96 240 48
251 49 4
15 252 41
327 173 14
248 66 43
175 190 10
72 166 34
184 271 33
309 209 18
99 168 32
52 239 32
131 287 45
380 81 23
388 72 5
143 145 8
164 221 25
357 305 16
168 172 23
17 148 38
333 284 5
369 217 15
335 359 41
376 120 42
131 205 13
217 68 30
136 33 38
257 75 31
179 7 7
298 72 24
142 390 2
251 124 9
347 19 22
186 136 32
374 19 21
102 317 44
319 315 9
371 196 5
181 108 48
102 359 30
216 348 46
328 357 1
139 193 13
317 316 17
168 92 12
190 242 5
333 65 34
161 147 46
369 19 27
102 182 2
133 146 13
38 50 15
276 236 6
375 361 10
360 356 22
137 200 47
5 254 11
307 346 34
186 395 45
177 215 48
56 373 44
114 367 12
87 56 40
275 303 38
201 186 48
144 270 23
87 278 2
135 297 15
183 71 6
23 288 7
303 155 35
176 384 3
175 115 19
116 99 49
182 151 39
264 170 6
229 399 28
298 194 26
323 224 48
131 43 27
190 67 25
47 55 42
102 227 19
394 96 27
202 212 42
227 393 35
214 348 20
261 137 45
32 152 46
101 1 26
126 7 37
216 270 31
366 316 46
334 168 39
303 181 5
92 284 10
217 282 24
311 165 13
128 13 41
315 352 38
308 69 2
5 175 27
84 98 25
80 22 7
106 131 34
176 371 17
133 56 21
189 276 49
288 376 25
65 172 38
150 15 31
11 255 11
124 172 2
378 358 39
363 8 24
109 363 34
375 17 28
381 325 46
219 298 43
382 34 46
29 17 14
132 61 20
212 156 42
135 256 43
197 164 7
327 40 25
124 28 47
121 362 41
85 110 34
122 236 43
196 170 12
39 56 32
7 84 26
341 83 26
138 388 34
2 228 3
364 146 21
359 304 5
226 243 49
188 35 25
353 306 10
99 113 14
156 182 18
372 217 16
92 51 22
202 206 3
66 165 48
332 358 40
86 290 24
243 359 6
313 255 23
25 258 6
78 70 45
252 358 27
45 173 41
142 305 17
386 313 1
94 264 27
328 265 14
99 209 17
135 323 33
284 244 18
357 305 13
47 267 45
78 81 16
226 351 24
136 330 13
395 79 19
145 100 1
343 367 2
352 183 40
158 286 30
79 382 20
167 279 39
53 385 13
335 194 13
123 37 47
388 131 29
150 324 21
91 367 32
251 177 34
178 341 6
113 109 44
258 183 14
202 14 6
342 166 40
316 279 48
287 314 11
320 42 37
70 48 45
101 357 23
303 183 21
121 272 22
386 86 11
84 202 40
16 8 44
234 384 37
51 294 26
107 19 48
41 323 13
163 181 29
176 96 47
83 256 39
159 312 43
27 250 7
228 94 35
124 72 31
23 302 25
144 232 41
208 371 39
147 87 8
265 271 3
299 246 47
45 315 39
37 134 41
376 225 40
287 15 1
395 73 30
370 133 37
217 268 46
149 169 40
116 241 30
297 329 49
289 195 22
49 357 44
272 91 15
108 98 48
340 78 26
276 253 43
216 216 13
307 83 19
92 237 24
309 240 10
60 52 19
306 219 21
58 42 11
186 78 41
333 70 13
335 46 20
15 134 20
398 53 49
59 373 35
176 355 6
18 8 18
366 180 31
215 51 19
17 46 16
34 182 44
336 163 37
62 13 22
398 53 40
155 359 24
227 131 46
317 219 25
161 61 11
392 55 16
221 0 35
138 294 29
31 119 41
282 332 21
90 324 31
339 147 45
379 99 43
109 150 42
273 122 34
249 52 37
83 202 30
259 267 22
230 175 14
63 21 45
343 164 38
165 56 8
86 285 43
268 287 43
326 321 47
357 57 37
75 316 15
187 231 43
162 36 7
98 11 38
65 56 6
239 301 13
5 257 12
192 69 29
118 282 43
213 95 22
360 240 49
208 160 13
399 209 35
99 189 9
112 135 15
51 43 24
315 311 17
364 147 4
346 24 43
369 43 16
334 19 5
151 219 27
286 161 9
135 98 38
241 126 33
112 189 28
134 138 1
81 213 22
112 57 37
78 293 40
213 337 38
341 258 44
27 92 23
138 113 24
110 318 19
95 278 30
25 204 49
22 188 14
322 350 36
323 281 45
165 252 24
163 207 14
108 194 34
326 338 43
244 312 14
396 136 6
93 184 10
210 308 35
380 110 40
228 25 12
180 140 42
85 323 39
297 231 10
304 47 10
258 320 9
127 273 41
273 388 20
270 12 47
305 271 4
227 280 22
336 125 30
122 81 49
193 258 49
46 162 35
112 319 36
63 102 20
171 232 44
355 238 31
265 302 41
170 266 25
368 377 16
250 225 33
2 349 35
138 21 47
301 391 49
247 224 42
11 345 49
261 92 16
79 327 15
211 315 14
155 244 34
196 304 2
176 112 15
169 144 10
136 137 14
183 292 30
49 229 31
386 230 8
207 391 21
157 244 20
366 127 3
394 330 17
159 375 8
294 110 19
358 190 38
173 244 30
241 27 12
256 116 24
349 194 25
96 235 39
128 222 44
328 172 31
374 281 43
63 65 33
128 245 13
285 321 27
383 249 39
368 374 38
207 222 17
49 145 19
346 37 44
177 336 3
379 233 17
169 237 14
343 218 39
162 153 15
238 128 16
375 191 42
121 294 35
310 273 34
231 239 6
361 333 16
126 53 41
170 399 15
366 270 9
37 155 32
369 343 40
184 249 5
169 230 48
310 6 49
369 68 48
334 333 49
232 345 45
153 19 11
335 78 10
3 397 40
298 131 41
326 165 34
269 388 25
179 91 3
225 59 28
325 325 9
359 306 8
350 243 46
377 154 7
246 91 31
202 236 45
322 328 21
163 178 15
382 319 24
101 10 41
0 276 3
49 83 30
250 48 25
26 184 14
10 222 32
188 42 45
336 352 24
222 178 5
198 218 2
337 47 34
96 191 15
397 142 2
115 142 38
105 302 2
387 67 31
182 259 32
363 200 21
131 201 32
340 304 21
269 4 13
148 109 16
39 388 28
114 209 34
219 392 31
0 264 14
275 317 34
151 272 21
244 347 28
299 157 39
216 232 25
390 282 33
219 56 3
48 397 14
107 303 7
245 368 24
80 126 37
185 195 48
312 134 34
376 55 22
144 174 21
5 251 39
370 95 39
79 87 25
81 30 37
360 110 43
264 315 36
321 33 6
272 85 39
250 190 10
155 13 21
178 362 10
366 177 46
60 53 46
179 16 23
256 394 22
12 293 17
100 289 33
208 270 31
184 158 14
284 113 24
141 145 29
247 363 38
88 368 36
369 211 3
40 64 30
156 364 33
93 243 46
162 339 48
273 189 25
272 32 14
260 206 48
188 357 25
376 202 7
208 269 8
337 186 22
128 186 37
372 23 30
287 103 40
210 363 39
117 278 9
290 187 18
330 87 43
115 284 36
239 293 4
252 52 26
67 285 29
51 318 42
268 349 27
262 143 14
47 361 21
270 196 49
138 252 2
364 58 49
28 49 18
86 56 14
136 308 47
123 330 6
66 144 49
193 209 36
183 52 21
314 79 19
14 38 16
201 237 27
2 250 48
31 240 45
82 259 24
203 380 4
77 398 7
351 61 30
395 228 7
337 240 3
337 187 8
175 103 42
240 328 48
49 118 16
242 100 34
280 284 17
53 200 34
152 228 3
71 89 43
391 85 11
149 19 47
89 273 11
252 231 28
365 332 16
111 23 1
343 43 43
127 137 14
206 44 8
17 211 25
271 370 26
299 109 30
8 277 40
70 386 1
282 176 14
132 170 48
11 381 36
195 91 16
335 151 24
65 396 15
327 241 22
116 141 24
300 12 12
281 1 29
129 200 20
277 374 23
357 270 12
172 249 48
105 209 8
9 276 3
106 4 17
157 299 47
48 139 47
53 129 36
28 201 26
181 240 7
12 124 48
322 133 44
98 253 37
12 230 32
120 275 18
387 172 28
367 293 41
10 328 34
12 252 32
364 305 35
266 248 10
42 102 5
88 26 33
51 70 25
252 82 27
301 195 13
110 251 25
175 290 36
81 57 4
352 287 20
113 321 33
2 267 18
129 318 44
360 11 15
60 10 25
242 147 13
94 317 44
124 130 39
259 6 21
306 198 7
107 238 36
198 394 36
301 137 13
80 141 24
225 282 44
62 47 2
218 274 49
310 161 4
372 127 4
399 100 8
41 203 29
210 261 9
172 167 22
124 56 37
221 176 20
247 389 45
118 163 32
140 286 35
14 393 8
60 107 7
336 378 16
316 297 20
124 177 5
78 229 20
363 276 20
50 74 12
261 35 40
152 384 44
49 346 29
381 104 4
338 383 8
23 21 35
97 389 45
99 214 17
393 371 6
310 178 20
395 33 24
358 340 23
106 114 40
322 349 43
343 196 21
341 180 43
5 72 42
42 79 17
281 108 16
26 166 15
379 82 41
13 21 32
25 264 22
56 111 17
8 316 5
28 3 2
376 221 31
329 244 8
218 227 6
113 225 30
85 277 23
98 151 5
139 322 45
198 381 25
274 247 1
86 355 8
303 34 8
113 125 12
304 225 28
256 156 18
335 23 4
58 242 45
314 179 25
270 215 8
205 189 1
291 255 43
181 300 26
344 42 47
51 51 47
47 257 43
388 251 12
204 25 6
150 99 49
126 296 46
394 367 8
307 193 1
272 398 37
226 1 25
21 310 25
311 308 11
4 220 28
352 163 47
211 367 10
363 25 6
320 139 43
350 305 9
67 290 8
46 370 45
58 396 43
211 316 45
79 256 24
15 61 24
120 256 25
200 380 18
204 76 22
260 331 22
340 378 36
178 73 45
98 158 3
376 368 18
208 31 13
236 72 2
150 55 39
104 39 1
90 395 6
216 281 3
326 219 42
272 93 41
380 292 2
348 330 3
350 18 29
162 76 2
29 348 45
308 324 44
358 243 5
175 31 33
397 206 4
25 348 20
361 348 41
250 353 19
374 179 22
304 240 23
29 164 34
118 211 16
204 26 29
173 345 12
348 231 42
43 85 34
19 146 23
120 369 9
273 345 38
155 261 18
264 274 29
308 105 27
319 241 12
347 3 1
65 104 32
385 115 35
86 361 30
155 397 15
298 394 37
335 244 28
35 280 33
230 7 22
302 336 26
73 149 13
23 180 7
80 397 28
321 225 30
143 71 31
117 79 5
348 1 36
375 315 30
335 244 13
126 26 33
111 390 5
383 22 31
140 116 16
84 111 34
385 53 28
332 182 45
92 225 5
101 49 29
133 49 20
289 27 35
337 300 22
246 272 37
181 270 2
285 214 41
305 52 45
255 131 14
84 144 25
381 123 45
27 385 43
26 92 3
58 173 20
70 63 40
250 79 2
343 103 34
162 326 10
71 396 37
163 222 27
230 216 35
187 277 44
207 80 41
57 345 46
93 396 5
263 251 49
110 289 10
207 134 16
310 379 31
399 261 30
103 131 46
142 74 48
224 398 21
66 368 47
336 197 27
391 347 49
81 286 49
344 96 3
319 82 41
287 357 6
378 159 35
335 15 22
133 12 47
237 166 19
289 165 25
195 152 29
0 172 25
148 377 4
285 356 21
136 221 36
134 179 9
380 318 29
377 342 9
266 46 6
172 358 48
26 357 38
98 172 1
67 256 39
121 268 17
385 392 4
357 199 25
345 349 24
368 289 18
230 166 22
179 335 32
379 286 11
161 232 32
233 321 23
81 41 34
142 88 46
328 159 44
205 263 12
189 196 37
338 128 40
9 176 8
363 131 9
62 359 38
75 236 13
2 38 6
354 381 15
194 208 4
167 375 45
79 179 34
231 25 9
346 241 46
295 210 27
396 373 32
360 149 39
210 349 7
40 385 17
235 155 36
155 275 4
233 286 48
82 261 38
71 129 48
191 25 33
108 70 2
20 128 24
310 350 14
132 193 25
208 187 24
356 225 11
381 399 31
332 46 19
386 265 39
157 345 1
106 316 13
55 301 10
342 290 27
121 172 11
399 175 34
234 288 30
37 45 36
305 37 19
155 59 14
293 18 44
137 271 48
250 69 31
323 140 19
388 64 42
302 201 5
254 85 35
196 230 33
100 316 42
384 99 23
287 147 11
227 36 49
390 274 36
299 152 38
211 183 29
291 336 6
255 288 25
341 164 42
343 72 48
292 137 19
264 113 4
303 247 8
188 319 47
96 273 5
184 130 38
214 292 44
90 263 30
256 51 36
319 159 26
264 73 20
329 242 27
232 34 38
142 201 37
80 69 44
150 398 33
235 333 1
37 173 33
210 375 42
34 79 23
13 218 23
227 249 38
310 30 21
36 42 49
255 388 10
154 387 6
87 160 23
54 120 24
71 272 27
203 116 3
142 65 47
208 167 4
36 59 3
203 82 19
326 272 12
48 64 37
16 283 44
99 66 48
319 195 43
47 95 14
85 350 24
274 373 35
259 202 11
50 142 8
351 67 37
328 191 20
49 6 14
298 362 3
119 316 40
41 16 21
297 71 46
156 81 16
229 259 35
187 208 30
227 364 2
200 278 4
363 194 39
31 337 20
389 219 15
15 54 47
92 261 14
126 103 31
354 64 8
135 76 18
69 259 19
8 294 35
288 209 42
341 1 19
300 48 27
279 320 38
263 15 1
189 171 12
33 167 33
199 282 4
320 299 31
121 184 16
394 46 22
384 30 1
152 288 25
386 350 17
276 57 13
394 372 6
154 49 2
87 384 44
53 113 22
214 239 3
389 131 9
223 182 2
348 162 3
275 78 38
71 334 35
167 277 31
181 11 28
74 344 5
391 81 17
13 357 46
212 64 10
143 84 34
276 191 27
324 333 32
274 141 47
122 220 22
314 263 32
348 215 18
133 294 13
173 167 46
148 119 4
312 363 27
150 345 11
3 179 46
142 325 47
300 314 5
302 363 45
234 398 29
105 386 38
77 214 49
52 123 21
318 105 43
195 102 18
11 190 46
195 112 41
90 346 48
260 112 28
329 129 9
167 380 6
95 359 44
264 110 48
282 310 43
8 313 13
48 48 49
389 194 5
177 224 34
158 182 4
86 242 12
288 87 31
2 94 29
373 215 43
93 95 1
221 357 34
343 276 38
7 378 20
183 151 10
179 72 37
367 220 32
332 171 16
34 133 16
94 81 17
6 12 7
182 58 21
75 67 17
107 136 46
35 331 22
301 232 43
218 26 9
217 128 45
297 59 39
143 65 7
339 145 46
169 10 18
304 27 12
394 219 23
113 386 42
91 84 36
294 188 41
333 24 6
364 158 35
157 196 10
237 326 37
5 202 40
137 13 19
96 329 29
343 223 36
339 43 9
179 174 11
59 161 19
290 18 22
123 327 7
390 306 45
19 376 14
351 267 33
159 86 39
214 304 47
128 354 26
124 348 8
52 292 8
304 143 30
102 279 20
5 56 47
199 41 35
115 84 41
32 49 9
314 52 26
337 297 49
195 30 35
21 64 11
229 109 21
220 383 44
209 147 8
6 307 34
180 57 10
388 347 20
82 397 45
130 373 48
92 115 46
185 43 19
252 126 25
388 116 48
264 212 15
10 373 6
8 345 37
352 384 36
233 171 1
337 135 9
107 151 46
285 13 30
14 312 38
328 323 14
183 368 32
284 99 25
81 309 14
373 111 40
64 67 30
109 43 22
115 334 35
270 24 28
55 371 47
353 270 28
330 223 21
316 234 16
85 142 18
130 227 2
95 387 46
43 391 14
25 191 11
393 352 41
331 336 37
373 144 28
91 97 48
32 235 35
210 86 30
56 171 5
367 27 48
81 101 17
271 238 13
102 49 5
234 348 48
28 38 17
116 200 42
381 105 26
130 357 38
48 59 25
29 310 36
321 307 42
366 248 36
274 234 25
97 148 25
105 336 6
192 239 47
324 5 4
117 26 49
180 21 27
89 41 45
309 287 46
290 329 31
51 110 26
227 253 47
371 351 27
61 197 43
156 246 45
160 378 29
146 185 13
383 350 2
199 18 21
223 373 14
239 384 13
160 346 23
141 224 17
108 249 28
344 157 35
196 263 38
35 287 30
21 369 15
157 301 43
348 185 12
228 52 44
169 47 39
239 351 47
81 153 31
207 119 39
158 124 28
118 369 46
241 178 14
271 75 48
59 245 30
185 184 22
383 179 17
30 224 10
22 269 27
50 268 14
255 60 47
151 321 46
88 296 17
126 267 46
218 382 45
26 157 27
9 361 21
203 1 20
279 186 38
29 276 34
352 389 26
35 178 24
237 115 6
15 48 37
338 388 24
107 198 15
388 363 49
10 105 17
397 303 14
330 280 30
273 10 17
212 189 5
313 163 39
224 301 30
240 128 42
65 233 35
332 391 31
132 363 30
256 156 32
142 256 15
41 94 40
73 29 1
91 122 47
311 112 19
91 54 2
377 239 36
213 7 37
7 140 28
263 147 3
79 366 6
268 292 42
293 193 20
73 321 17
209 367 43
328 18 19
355 62 32
122 135 38
40 89 19
213 18 32
8 265 42
131 321 26
123 250 7
296 178 45
366 181 45
318 293 4
339 306 30
97 121 29
379 362 4
82 43 16
72 161 43
337 289 23
322 233 30
81 200 1
368 154 15
278 197 29
224 380 1
177 129 43
199 151 31
155 119 14
216 193 9
311 49 12
217 125 45
39 159 8
217 356 41
279 323 30
229 121 16
244 141 30
341 348 1
53 119 47
228 356 24
36 247 27
190 143 34
371 324 17
238 16 22
2 92 27
354 267 33
363 183 18
175 309 45
104 181 17
305 18 27
260 394 44
237 307 4
376 151 14
4 285 29
294 212 48
141 38 31
172 370 20
296 133 15
11 278 3
58 287 42
46 22 38
171 172 35
202 366 42
99 288 7
264 217 15
135 353 48
41 5 49
9 66 33
386 388 44
287 81 14
164 209 16
120 373 15
43 218 11
250 260 38
98 325 39
305 3 44
21 211 1
132 368 25
170 15 29
23 215 31
386 92 43
189 15 20
293 140 40
306 295 33
180 7 7
355 69 26
389 93 45
49 387 36
97 322 7
357 109 34
70 58 1
249 249 46
315 249 25
102 89 6
282 187 42
254 253 14
81 152 4
238 354 1
339 127 35
134 97 34
110 131 22
370 135 21
307 61 41
164 354 18
103 2 44
263 138 36
257 95 35
371 382 33
354 219 8
139 321 37
38 228 3
161 285 34
347 380 41
96 63 28
235 247 27
377 165 26
140 399 19
146 198 49
103 210 43
376 165 20
41 392 27
291 150 32
81 319 48
36 241 34
198 104 22
281 11 21
351 365 10
32 61 4
280 241 13
292 303 39
345 268 46
69 385 18
222 243 29
167 377 47
217 197 27
131 306 17
9 310 42
108 229 43
150 247 4
82 261 23
288 200 33
275 59 28
394 87 38
172 397 29
46 271 38
52 396 47
288 367 33
274 136 32
247 379 35
308 5 30
121 1 8
76 15 20
241 322 18
119 246 42
12 389 24
207 354 21
159 80 13
211 217 42
26 217 22
386 123 4
292 202 38
195 278 23
91 332 4
279 149 37
247 43 36
345 169 33
11 193 1
70 342 25
84 176 30
251 201 33
393 33 37
25 9 31
364 365 7
296 74 34
54 393 17
146 290 39
362 76 25
197 74 13
53 194 46
21 17 48
99 84 24
341 366 17
182 84 25
393 270 30
126 91 31
2 41 23
153 353 5
41 83 41
106 135 15
140 390 17
138 161 24
399 222 14
274 395 5
198 100 24
60 14 38
184 389 45
329 364 26
167 151 32
329 333 14
38 118 39
116 194 33
90 299 43
161 197 38
261 373 6
321 261 13
100 181 32
100 345 17
30 239 26
390 360 30
54 144 45
27 291 26
272 156 24
339 129 6
88 173 32
263 316 4
399 399 47
309 207 15
71 75 42
59 73 18
247 175 31
399 77 48
176 281 27
257 354 12
176 320 36
212 21 49
27 209 42
174 159 6
38 25 39
312 387 36
276 323 21
209 315 23
126 166 26
131 258 15
290 141 11
171 137 48
223 131 27
262 84 38
62 309 37
301 191 42
206 123 20
299 341 15
30 73 26
19 310 49
209 332 24
72 239 5
376 11 27
323 80 25
198 224 37
72 16 48
62 52 3
313 60 48
179 288 21
301 325 43
382 318 46
75 293 31
288 222 23
363 146 11
140 366 31
11 376 39
39 389 1
308 181 14
138 203 35
115 188 8
312 41 24
270 209 4
386 343 15
56 25 24
349 167 24
274 276 23
29 67 22
122 282 23
311 372 43
115 240 45
0 235 43
174 13 25
207 211 46
234 27 2
132 372 43
12 108 13
119 391 41
374 53 27
182 55 20
7 14 46
313 306 24
368 383 17
223 210 27
176 3 46
261 22 28
239 344 23
96 169 12
219 36 8
214 234 49
253 239 41
2 19 9
288 277 23
287 143 19
283 208 3
34 398 37
19 149 12
9 180 6
97 289 6
184 168 25
40 338 33
227 194 33
71 385 26
228 63 32
92 320 31
144 322 20
9 79 36
30 176 21
278 215 3
255 53 24
307 164 25
14 106 11
340 149 46
234 140 49
134 11 35
360 235 24
96 126 34
59 294 1
33 136 21
57 22 15
42 159 37
94 47 24
214 397 49
271 89 27
72 201 22
204 234 35
156 69 3
140 284 35
398 155 39
283 66 34
218 131 39
238 117 1
366 377 44
168 228 43
342 328 41
297 213 13
46 381 23
38 371 7
190 72 19
271 396 28
28 58 3
68 157 11
306 117 21
205 196 9
348 348 37
46 380 26
65 318 10
231 282 23
185 230 33
164 180 33
33 1 4
307 259 28
240 145 2
360 244 43
189 261 28
127 12 42
52 222 34
220 292 17
331 8 38
293 396 24
267 347 13
372 152 33
207 101 42
166 278 3
348 310 36
59 385 3
148 2 22
366 7 39
255 157 46
85 337 10
373 389 14
313 54 30
376 386 49
385 77 46
75 9 34
66 387 43
219 311 19
86 185 42
56 339 14
397 11 4
372 237 9
312 262 21
365 85 14
46 245 46
240 208 27
390 338 34
52 227 19
130 91 48
14 41 45
212 231 39
41 344 46
18 113 29
107 224 30
385 347 2
342 388 15
348 115 27
237 136 44
284 236 15
327 297 4
73 338 48
313 327 27
276 372 7
230 337 40
66 267 23
347 83 36
152 52 17
369 114 15
218 269 39
41 392 33
370 87 21
301 85 19
156 194 3
267 278 31
195 5 6
217 388 39
375 308 1
199 318 30
353 270 21
334 314 36
91 264 25
224 36 29
195 299 12
73 224 6
89 168 16
129 232 18
6 68 35
75 235 48
22 109 44
7 302 26
135 137 35
234 246 46
379 106 44
381 145 36
53 113 34
232 263 45
159 254 23
204 366 42
182 303 48
207 111 15
378 286 21
392 209 4
366 152 46
288 62 8
285 122 1
61 214 16
321 270 12
164 192 32
315 119 20
367 3 18
312 139 22
248 368 4
5 230 39
365 32 40
154 113 27
158 205 9
118 220 46
396 40 25
377 114 20
74 145 11
32 302 41
84 287 10
387 344 25
306 397 13
332 252 16
156 270 8
237 386 33
363 282 28
42 316 17
150 263 40
206 138 33
190 303 18
165 120 33
370 45 46
174 358 1
286 128 26
284 207 16
249 113 28
306 175 22
236 259 38
30 365 44
68 99 30
2 178 19
311 91 3
142 376 42
344 1 8
251 269 24
317 237 40
136 300 17
189 135 7
157 67 8
165 12 15
393 296 13
335 292 17
70 362 40
389 256 12
284 191 42
142 385 9
68 376 3
200 165 22
317 215 25
101 83 5
114 281 15
273 229 25
217 354 18
301 316 48
129 209 2
286 215 18
204 102 3
15 72 5
247 84 20
140 5 46
372 232 5
244 33 6
299 172 29
186 336 36
304 66 45
127 377 22
294 166 1
293 137 32
1 300 23
92 189 24
47 126 9
153 13 15
99 166 34
114 30 8
129 183 41
197 48 29
104 27 40
325 293 45
332 19 28
285 282 13
203 266 32
261 189 18
346 46 44
75 197 15
93 207 6
394 66 38
89 292 45
211 342 28
295 21 18
172 397 38
175 39 44
237 27 39
165 358 47
359 65 15
203 259 9
67 9 27
111 105 7
46 156 27
382 96 14
189 54 35
169 317 10
233 337 19
376 46 11
33 322 28
345 239 4
115 32 8
221 327 35
42 115 21
389 349 26
233 27 23
255 207 32
148 71 27
304 17 8
123 150 6
393 139 38
36 75 24
90 366 12
383 227 39
140 29 38
45 246 7
34 193 3
119 214 49
287 54 49
104 358 27
326 162 24
2 13 44
8 226 25
270 217 33
220 349 7
314 175 18
187 23 48
63 130 43
394 74 32
122 372 27
200 286 2
373 332 3
387 213 41
186 126 43
309 167 41
32 19 7
279 56 3
218 7 20
324 332 22
104 263 10
342 41 16
170 344 48
60 207 16
151 20 23
66 247 26
149 137 28
113 24 44
168 236 45
188 177 24
167 309 34
378 45 43
335 262 14
329 249 47
139 38 42
134 21 39
196 311 38
52 10 35
206 376 7
192 103 40
78 362 4
371 110 28
223 192 10
74 173 19
354 306 13
234 274 20
252 238 20
354 1 44
182 42 34
191 156 23
17 161 14
75 375 31
79 359 42
389 36 7
12 161 23
153 301 10
145 276 9
180 200 47
284 326 43
209 311 9
197 88 2
241 180 42
214 13 20
389 93 39
305 86 16
28 243 15
116 3 10
22 112 29
21 321 27
53 134 24
241 109 26
208 323 6
230 220 37
189 392 44
178 179 31
90 264 43
56 186 8
294 245 6
226 90 14
159 285 37
162 167 45
78 160 31
92 167 30
316 238 40
122 307 4
197 321 27
331 215 37
353 4 25
40 389 40
132 236 13
87 145 45
243 109 19
140 185 47
50 296 28
101 56 10
109 369 21
90 363 6
160 24 36
95 157 40
141 292 34
194 334 17
224 193 47
119 13 13
257 374 26
146 212 40
377 119 27
382 386 43
327 349 19
12 327 6
79 170 9
356 175 3
283 266 10
214 67 1
227 296 3
34 310 42
36 281 28
63 77 27
93 167 21
189 172 42
68 262 48
233 214 42
126 296 25
291 150 34
243 155 18
269 224 33
385 353 8
366 13 21
163 201 45
220 150 12
0 12 49
121 164 1
125 246 16
94 154 6
159 332 29
313 35 31
199 103 41
240 338 18
6 2 39
208 103 43
79 210 40
157 28 4
25 126 42
279 176 40
94 123 3
100 382 7
240 163 6
307 276 2
223 219 30
208 237 7
297 340 16
324 78 2
373 47 41
288 25 28
29 258 8
345 12 22
199 147 44
127 276 3
387 176 38
231 18 5
142 10 19
238 380 2
350 188 8
271 33 13
169 228 4
253 67 37
236 182 1
293 55 39
323 348 22
54 196 17
256 229 19
332 74 31
364 222 15
210 286 1
370 28 35
61 167 14
193 263 8
277 210 8
142 91 6
34 293 47
375 310 2
258 200 7
260 383 37
398 234 42
388 232 20
261 66 47
261 63 28
