1600 5000
1320 1222 8
7 838 19
813 1526 48
980 1266 30
179 978 30
583 956 25
768 243 20
548 1096 16
1117 376 37
89 437 31
1078 506 11
788 1430 38
555 1533 16
434 1530 26
325 1001 34
1233 48 15
528 833 10
1327 281 43
1487 224 3
730 980 31
473 1179 37
22 164 49
1298 1536 4
514 736 3
498 1014 13
1489 1204 27
1576 629 1
186 677 13
553 130 27
506 1025 18
955 1297 48
420 164 5
654 766 13
542 438 13
94 627 1
1203 1321 15
167 558 34
176 1557 23
826 33 27
360 5 15
1590 458 48
528 305 34
619 280 41
860 571 9
715 631 15
1255 108 47
1452 170 8
237 1048 49
1189 1419 6
562 735 33
34 121 49
657 1556 35
991 1554 44
825 266 43
281 160 9
1392 591 19
768 807 6
343 963 9
552 916 32
1591 681 22
1205 44 14
1394 74 38
1275 265 30
1482 1347 46
580 1238 35
1254 515 12
601 722 43
843 636 36
520 303 10
693 156 31
919 420 15
1377 798 37
630 317 4
746 119 20
717 1409 43
1390 54 21
874 449 32
1100 1349 27
114 1376 28
917 1274 12
791 408 15
1592 292 48
996 866 20
1445 344 39
7 931 25
1582 758 44
1473 262 18
1530 808 43
1583 1099 45
686 1525 37
1016 968 15
251 104 28
927 624 20
511 601 10
516 1143 31
1307 1510 32
1119 235 6
593 1327 32
1132 325 5
553 841 2
72 1080 39
763 986 12
8 434 19
29 128 49
1024 1536 47
255 380 46
928 771 15
1400 1156 18
1185 972 19
1179 22 4
1101 246 17
1545 1039 29
1573 1208 49
1493 610 43
750 19 45
1537 1566 16
806 1539 2
617 1523 10
1519 740 41
1330 433 30
163 611 3
1185 573 34
352 852 2
793 918 2
61 1432 20
1057 1569 37
1294 698 42
1115 1384 25
1251 1488 35
33 419 11
1363 1373 36
246 1455 41
1374 769 40
271 10 19
1415 6 42
143 701 19
393 838 25
164 1235 7
1422 514 1
76 1486 35
793 332 30
647 678 46
295 851 27
1316 1011 9
666 827 31
501 344 22
127 646 11
1246 1063 30
954 1010 45
1043 1265 13
975 295 33
1011 504 34
1443 2 23
1266 1140 24
157 985 36
1476 876 5
50 232 33
1555 1288 15
970 703 3
1087 1036 7
1181 1309 8
1200 315 16
279 181 44
1381 834 9
1285 1227 34
359 31 21
866 443 18
1587 751 24
1193 3 12
199 514 30
1035 25 7
1411 945 33
978 1424 36
1149 29 38
571 311 25
212 330 42
893 384 31
115 727 26
1397 63 19
1265 630 41
1300 223 9
1162 178 42
77 679 4
256 495 26
17 1036 4
279 1124 30
394 341 32
8 1328 45
1098 1100 45
1232 430 37
987 1386 22
1191 335 47
868 997 12
629 1441 47
1096 930 8
127 469 38
171 334 44
582 1267 32
916 862 22
999 1524 11
1267 359 5
1394 825 35
938 504 26
1295 1147 17
1264 570 28
883 116 28
1257 1356 2
951 1215 35
715 1086 48
866 427 5
849 711 5
920 612 20
275 965 26
1569 22 24
844 501 8
211 856 10
98 1268 44
1581 1360 42
464 1157 2
445 694 49
598 115 40
985 1256 41
295 414 47
769 740 39
1250 626 15
56 1024 40
1322 958 35
545 581 19
455 1422 38
739 407 36
393 1363 25
273 1218 5
1365 877 4
140 629 10
1512 145 1
762 768 29
1495 1143 46
66 108 44
154 1575 35
958 585 45
1181 19 2
182 1402 12
1376 1069 48
1392 166 10
153 1578 8
1480 1259 25
633 78 6
1442 14 46
1338 1105 12
1353 1276 28
560 1534 27
1493 670 47
1078 68 10
1344 146 41
180 1076 23
1242 178 17
917 319 4
665 1226 1
1067 774 27
1239 652 39
55 531 40
389 850 8
1245 2 11
412 280 45
14 1542 14
1525 1450 27
79 16 42
464 603 39
935 860 24
932 820 25
1463 1227 34
1213 1182 10
803 542 43
579 487 36
256 1447 22
508 23 46
1052 343 15
1421 442 27
454 212 8
183 1345 39
633 539 36
107 927 39
1397 369 4
786 357 3
199 1385 20
960 801 29
1218 282 40
859 221 37
1073 1472 13
1147 515 12
1564 1462 3
116 386 46
1188 189 15
1061 752 1
1306 1002 41
1004 93 36
897 1384 45
1123 1300 22
1393 304 13
533 1389 14
1386 612 42
233 1367 16
1544 332 25
483 832 46
1027 1491 30
159 809 13
278 522 24
1596 1278 17
669 1065 24
347 1552 31
1100 753 2
485 763 9
1079 217 13
148 1057 41
814 482 36
1402 315 31
402 324 25
99 698 46
767 202 26
711 785 18
311 1224 14
808 1232 25
1181 604 45
582 790 5
772 17 44
236 750 20
66 985 13
846 905 1
875 621 19
216 310 4
571 622 18
1146 2 3
1102 1442 4
294 152 34
1333 1511 17
341 655 12
1500 126 44
1152 287 17
707 1101 17
463 1529 40
1413 1476 11
825 432 42
1418 1318 31
169 680 39
431 750 21
714 780 31
637 842 1
888 683 9
683 210 45
984 585 49
145 112 38
1006 109 16
712 717 47
1133 1419 45
85 341 19
1098 1118 3
1380 901 12
1273 815 37
657 786 7
111 663 34
1176 1170 16
1431 953 7
834 3 12
693 1141 31
461 919 6
630 1042 17
1101 904 40
323 124 49
314 1039 30
1160 1595 45
215 1265 2
1017 405 41
999 394 18
1438 956 24
759 1467 23
852 148 10
469 1506 43
91 176 49
334 877 42
425 1019 49
1045 1435 38
1186 1028 34
1223 496 4
1388 479 1
1550 1487 6
592 516 21
829 1126 38
1350 1556 38
332 189 31
348 1536 11
814 815 44
502 1506 9
1015 1322 25
222 1312 37
55 1099 22
281 1462 35
735 121 17
1409 999 45
1340 330 3
910 1205 30
232 1038 30
280 257 33
876 1206 33
968 453 39
1143 660 40
1504 121 1
13 444 42
776 1086 40
826 128 16
994 166 19
1101 207 2
1312 84 46
719 185 4
440 1173 13
984 391 24
630 69 46
842 52 2
1197 731 49
384 1597 33
514 165 36
875 454 38
602 873 26
326 593 6
297 219 38
459 1503 49
1217 798 28
999 976 32
673 21 20
364 751 7
586 440 48
109 198 33
185 1452 41
1259 1227 44
1302 575 28
870 496 48
1241 1049 46
565 949 16
782 845 8
1079 1184 8
1103 239 44
1331 1120 36
175 199 39
26 359 31
1323 926 25
278 8 6
1058 843 44
977 639 23
962 1124 38
639 1571 11
98 67 35
1105 571 26
857 1550 24
649 1240 7
266 777 29
602 831 47
441 713 8
907 1234 19
954 64 45
1541 1459 39
983 1176 26
1520 749 19
406 1017 39
1340 437 36
1168 438 41
487 1345 40
578 673 31
1314 258 24
160 390 24
51 475 36
355 1427 47
764 942 44
1204 1244 44
66 1273 5
1506 546 23
255 524 43
1262 1116 24
1492 374 46
758 1575 6
153 595 13
69 533 22
265 905 16
212 196 15
124 1045 19
369 326 45
915 980 43
1443 980 20
347 1104 15
413 461 15
1313 1396 16
722 136 4
176 795 35
1192 1037 48
1416 319 20
1522 1597 14
612 700 2
1407 534 2
954 973 46
904 1179 34
892 195 31
186 775 6
162 868 43
251 1244 41
1189 1450 3
1307 384 36
566 368 35
1519 1440 25
1351 954 18
328 315 18
1482 1103 32
391 476 24
1083 824 45
898 769 12
222 1082 18
341 922 42
1061 231 38
510 1242 47
1455 284 2
617 215 31
987 24 30
117 371 37
524 607 29
856 1017 28
426 1245 16
717 535 36
1451 531 46
1164 1016 31
506 1526 15
1034 759 38
174 1546 8
479 1523 41
1240 788 16
344 1464 12
1563 447 4
694 904 14
1275 951 14
541 673 39
73 238 4
914 804 18
1337 697 22
1281 875 29
541 124 29
163 1373 20
755 595 16
517 101 32
1132 1436 2
1501 215 21
177 1506 12
1413 432 22
346 182 14
394 354 31
1489 187 15
637 1451 49
750 190 23
1407 1187 11
968 1225 34
1054 456 32
3 127 6
1019 681 20
1398 603 12
1281 1523 48
1475 1141 21
91 1253 44
1303 414 14
976 1224 46
1512 789 31
904 1587 38
290 580 35
1180 1362 15
651 541 15
1494 100 46
1305 1102 6
152 521 48
1091 1008 48
823 380 29
999 1033 38
567 1407 6
453 558 10
1274 1490 26
892 1245 40
1250 212 19
1213 1257 11
143 1390 9
813 1402 5
59 1202 43
1439 1373 3
1571 762 15
1007 1010 4
1431 1567 16
278 652 19
1452 1268 31
1497 50 41
1349 439 17
603 1186 20
644 1472 1
243 614 4
227 1255 30
1353 1115 41
297 703 19
383 1045 22
470 1220 25
1423 470 3
1079 954 7
1185 255 12
1504 894 45
1203 1597 4
1543 198 6
131 1402 19
631 725 4
1427 428 14
741 797 22
1351 708 11
1182 152 18
1460 958 12
728 462 44
364 1528 39
931 336 5
167 1206 46
713 756 11
1076 649 9
893 960 29
140 622 10
1449 287 27
1181 1055 33
1352 95 3
1097 1565 11
1420 211 25
1466 694 36
342 1446 1
506 493 29
891 680 14
349 985 20
438 480 1
431 513 16
941 1021 9
104 354 31
813 386 35
1058 191 3
265 1100 36
966 918 37
768 950 2
1 1414 7
1475 879 10
497 917 1
484 345 5
1119 436 8
410 1366 19
1302 787 33
1123 565 21
326 1435 14
336 1546 45
586 1555 45
1166 395 8
637 151 15
614 91 10
1320 1125 18
339 622 27
695 504 7
1358 1211 5
357 296 27
100 265 13
176 206 19
170 220 14
1232 98 31
1209 433 33
1314 1382 49
99 185 28
1249 1169 17
1370 1578 28
203 1513 8
1051 1005 11
541 492 16
583 938 45
1314 909 29
621 1395 42
665 1495 30
933 481 3
147 1197 42
1348 901 27
1264 958 22
15 1587 36
533 1346 1
971 177 26
1466 531 30
29 672 49
201 1386 48
848 670 17
278 611 18
1415 1055 27
830 350 33
162 1028 12
1124 1414 32
1228 375 21
81 841 30
6 547 49
1402 921 48
1551 42 22
205 1497 4
524 478 39
1429 571 5
656 100 34
245 1385 48
598 13 25
1003 287 6
1590 702 24
1579 675 19
1278 1484 45
745 208 9
1418 279 41
216 1209 31
939 1303 38
1313 389 5
682 1288 22
1404 778 22
815 415 47
1543 55 25
767 1109 24
328 1274 39
217 1017 28
1514 696 2
1488 625 7
272 1171 9
476 942 11
1245 990 8
685 1419 45
1489 1088 45
261 1518 1
522 806 4
1422 619 4
1460 1480 41
1161 538 24
1017 863 5
132 1552 46
1424 1113 16
645 283 46
1452 433 36
199 391 31
937 965 32
1500 1334 8
1399 211 1
270 746 36
432 17 21
66 1073 48
1171 1182 28
406 1243 15
279 361 39
1383 933 13
173 819 9
898 19 13
1436 865 20
251 1219 37
775 1001 13
575 271 10
380 281 8
1249 728 19
39 478 48
1271 1137 30
68 828 34
261 1214 19
412 1551 14
691 949 10
1517 1263 2
1309 845 28
1004 1284 8
171 318 17
1325 213 24
964 762 43
958 475 43
21 1118 45
678 555 7
1136 712 32
1568 434 12
655 1078 35
1216 1077 11
611 1342 40
1512 871 34
861 84 19
1349 1143 27
837 1127 13
923 814 45
222 329 33
1373 336 45
1230 1105 43
601 1520 9
1197 804 35
970 809 32
1193 384 23
484 697 30
325 574 26
1554 691 34
1028 476 41
858 715 41
9 385 16
942 418 36
1338 1061 18
1193 831 14
1493 465 12
290 936 13
1009 114 28
1143 1041 12
1324 1304 11
1283 283 12
1374 326 31
498 1151 37
642 478 44
543 544 47
124 1069 23
401 231 17
1455 1452 45
29 346 6
1220 768 49
792 626 20
690 72 44
209 290 17
260 644 32
104 1476 13
762 997 47
696 502 20
1526 261 26
1425 6 20
487 110 31
1068 333 46
980 366 35
672 1048 36
539 160 13
1189 832 11
81 52 9
1302 787 16
1285 1418 40
1592 295 3
124 1261 15
661 148 43
220 381 41
805 1058 12
193 1486 16
1110 504 24
289 1030 10
1480 689 16
1594 1059 7
1354 882 22
895 916 20
982 286 40
1265 1389 21
538 20 10
671 1222 6
1126 828 48
1500 1333 49
1552 188 32
1301 883 7
929 983 20
407 1183 42
1286 725 40
631 1151 43
1316 188 14
428 1094 42
1452 527 10
678 1175 48
233 1003 37
1187 1277 11
902 826 30
430 287 28
1072 986 47
1304 1426 2
814 1288 30
1483 1349 41
506 1226 16
334 100 12
308 1127 6
664 553 19
1362 756 14
1597 1044 29
1541 233 29
58 1575 27
729 1582 12
72 363 42
1365 85 33
821 1134 29
810 555 24
1192 454 34
1500 1234 31
165 1502 5
1185 586 9
128 413 27
439 428 12
459 52 25
1184 742 19
178 793 9
1302 994 28
1419 880 39
1270 1038 22
1149 1280 22
1063 1433 45
287 286 43
1412 411 13
566 1257 28
600 1357 33
1078 891 30
375 386 42
1039 826 25
1214 126 42
566 1133 29
1543 1423 5
1533 1586 49
917 46 36
592 810 39
700 1400 33
1251 457 26
168 1372 7
872 1530 22
779 211 47
47 268 32
22 800 32
1362 1362 46
99 339 38
642 105 3
19 79 13
411 587 29
1124 557 10
156 438 39
397 808 22
165 467 33
205 1375 45
561 614 40
1587 417 31
1022 680 37
488 657 4
385 316 25
1514 460 16
1090 1443 5
209 1140 14
80 1357 24
1282 981 48
1039 35 20
1244 905 34
1177 1168 32
936 548 23
947 1215 28
1409 938 41
1361 332 45
1498 1021 22
1056 204 39
500 1559 25
422 379 11
244 36 21
382 1508 16
518 507 26
134 334 21
415 1525 48
725 839 7
240 19 8
916 1202 41
8 370 4
1483 121 35
139 1192 17
1541 975 41
971 183 4
1508 1371 24
1046 920 2
287 366 36
528 259 30
567 378 15
967 237 46
190 349 13
1226 713 43
1265 1157 38
877 561 38
1562 389 28
648 310 33
777 766 30
1408 1383 10
1050 188 22
465 1311 35
51 144 1
1229 941 41
1378 490 38
1235 1316 32
237 342 27
265 750 10
1108 1498 9
235 1572 30
1356 194 19
1161 530 31
1075 1540 44
659 1347 17
904 1136 37
695 738 24
191 796 14
151 931 16
313 680 49
374 1040 14
1157 1130 39
1571 591 9
582 241 12
1177 194 46
170 1450 1
1270 1374 17
1559 1546 16
1297 1378 45
1196 91 1
221 1552 42
1142 1489 10
558 955 39
446 227 42
1433 1238 14
1516 1471 19
1268 207 45
1243 44 34
7 1284 49
934 82 11
706 1552 40
410 1529 32
639 179 23
412 223 14
982 807 25
464 756 26
1574 1172 2
1476 1232 37
1481 1484 49
717 805 49
1203 38 44
1523 427 42
1482 1529 22
571 360 15
1155 1432 45
1248 997 16
1130 701 4
1436 531 27
42 1401 9
36 1231 28
302 1009 4
171 632 21
1398 20 29
964 90 20
1271 126 1
1245 78 1
254 133 38
523 672 42
557 908 19
846 82 28
302 224 40
459 415 19
436 21 14
584 1445 49
802 1270 14
567 1453 16
1449 153 28
1466 1416 38
1491 400 8
903 174 32
9 1217 35
567 187 49
1203 628 47
1530 908 49
1020 293 48
679 120 45
619 660 7
937 124 46
894 937 15
633 744 15
126 126 16
754 33 27
1208 987 45
1200 196 31
1083 41 17
994 774 45
755 308 26
977 770 37
1496 1272 25
564 1107 17
341 52 9
1135 725 47
154 1315 25
1151 486 4
1384 1518 7
9 256 18
473 724 44
454 993 13
596 33 33
1547 1497 12
1198 1267 25
1473 59 29
1146 1239 47
274 1246 34
84 76 19
1290 625 17
1102 481 47
1342 1516 42
543 1484 13
120 656 28
774 1225 32
379 66 35
563 266 32
716 397 3
810 449 24
1261 326 2
1298 436 13
1034 1236 47
675 1380 48
1034 1229 25
331 1460 28
182 1249 41
1341 510 4
90 1575 36
1079 420 20
1509 1276 45
467 1034 44
418 1166 12
831 460 1
236 405 9
1476 289 20
642 789 49
676 1007 12
1393 295 32
1190 568 17
164 1271 31
632 1465 2
198 1062 34
355 493 39
1070 1467 16
817 309 3
1369 674 8
1172 975 18
1393 292 1
901 1141 37
1105 1095 42
374 21 20
260 1570 47
1243 222 17
333 92 29
733 661 34
77 615 19
884 230 7
300 554 15
492 110 23
1556 1125 42
699 211 8
663 672 23
1053 184 34
808 1187 12
1429 834 35
910 241 20
306 997 34
736 393 11
777 89 22
1411 661 12
536 432 48
1300 744 24
776 1077 46
225 406 7
830 1443 40
435 1476 43
709 1195 26
647 270 39
1102 871 38
995 1178 11
1342 542 45
185 380 21
1140 891 13
1571 520 13
1133 1329 15
154 991 44
914 1072 39
625 275 43
1013 939 47
501 980 29
1580 1132 20
1283 707 22
941 1188 23
1172 32 38
135 117 49
836 217 25
1579 114 40
540 161 17
71 146 15
732 202 49
748 905 46
94 791 36
910 294 41
183 965 11
35 373 19
1559 158 12
292 1449 34
1150 592 30
173 980 44
1126 1443 3
541 1291 25
688 1327 2
1372 656 34
567 1048 48
1091 664 38
621 1262 28
1054 1582 16
454 878 27
753 1598 17
1092 530 41
1175 671 28
1047 439 10
1074 607 5
1260 1325 10
961 653 40
1315 1179 14
1279 1189 33
741 36 19
781 210 38
501 282 16
1070 466 41
251 847 30
1155 950 48
601 1164 3
526 1177 26
1111 866 21
330 942 45
83 425 46
1286 176 37
16 484 21
597 764 38
1553 861 5
757 784 7
217 1320 48
1356 695 27
1342 1447 15
80 138 11
744 188 8
823 1468 3
785 254 20
644 1093 36
1170 1154 48
1456 404 25
1132 603 4
977 319 40
542 949 38
432 1005 3
699 1531 37
960 292 35
502 400 22
1371 979 27
366 1444 9
245 615 10
801 415 28
994 159 22
551 764 3
749 41 16
1336 579 11
1248 667 39
1067 1336 7
215 755 29
1253 1136 32
1366 734 41
210 841 19
930 1426 11
350 1176 26
729 262 32
5 1507 40
1517 1374 46
74 1197 11
362 634 1
210 471 44
1081 972 22
380 1558 7
1102 1145 36
1206 1203 29
472 1304 41
895 1258 27
531 368 38
368 820 25
967 1547 43
1119 941 35
1066 1540 16
142 1418 5
919 856 20
1593 886 23
876 145 15
1508 1429 31
136 150 18
568 1138 14
825 1263 13
1548 650 35
743 1332 22
137 1548 16
1298 1135 14
1329 1397 42
1055 690 47
1299 1159 49
767 793 10
616 1084 46
407 915 12
250 724 46
1012 920 18
1023 566 10
1288 1216 36
884 1168 29
791 837 22
938 1249 4
435 668 27
1080 377 43
343 352 22
888 293 30
1094 234 34
1349 996 14
736 916 48
1234 521 43
776 1205 19
86 1168 32
1535 1269 45
443 1248 3
1519 83 39
1565 665 41
1451 1529 10
1579 382 1
496 435 9
1208 1412 10
353 333 5
446 1029 42
409 469 25
1053 115 37
33 475 34
833 32 19
1206 1000 37
8 1018 26
262 71 15
1444 1308 2
998 467 39
945 867 42
605 700 26
574 578 23
1375 945 10
455 1150 40
1368 792 12
63 558 17
67 528 18
625 331 25
168 1163 29
979 1156 27
815 236 10
735 737 21
1231 1237 20
933 960 15
308 1372 44
952 1160 38
660 492 6
431 292 4
422 1214 1
1351 983 1
432 1152 47
5 1012 43
444 317 16
1538 1295 42
1132 1312 9
1314 1103 22
757 1200 27
797 983 46
254 1396 40
1326 1387 30
1447 593 21
1099 1213 43
869 866 11
384 1029 10
474 944 44
1238 1350 14
201 798 2
1096 939 23
541 859 36
241 750 49
2 847 31
514 977 14
49 1016 27
804 699 20
1122 418 12
1323 421 20
770 1343 14
761 1564 16
1176 523 4
870 502 12
1205 962 35
561 1111 37
531 1211 33
916 211 14
1394 768 3
258 1281 48
590 1547 26
333 143 49
260 981 27
378 530 32
1251 429 8
658 1272 37
518 57 27
1110 956 4
919 210 31
920 616 32
182 1206 34
597 1129 44
437 1088 4
143 37 7
411 1436 32
1315 1346 14
38 1126 46
1502 1255 24
337 344 30
520 311 42
1202 423 3
567 11 48
773 789 17
1011 1462 11
1097 1569 14
792 68 19
51 1558 45
11 378 27
54 1103 37
592 285 20
191 1569 40
287 703 37
1435 1505 33
294 271 20
474 580 24
321 979 25
1446 840 25
1445 1422 20
492 1025 24
883 765 26
399 302 27
487 1173 17
1479 1160 36
491 818 44
601 612 39
1032 1360 37
985 94 18
363 986 3
194 321 24
1162 853 22
1486 652 37
1067 725 27
1295 618 47
595 543 44
1242 1545 1
620 208 34
1107 878 33
428 830 11
425 182 4
987 1263 12
1115 332 36
1560 222 44
216 468 16
543 1466 44
750 1241 48
660 376 18
1218 1369 29
211 761 28
1447 631 35
204 612 15
798 1399 22
550 664 9
1081 1474 8
146 684 4
1246 247 1
1047 357 12
1423 34 10
242 1547 48
1246 126 45
1549 1233 35
585 1409 40
1087 367 20
92 1379 24
848 178 14
167 1125 41
1219 309 31
1233 899 10
535 1210 6
211 389 48
614 728 39
1348 1567 10
1432 850 20
963 793 24
36 900 30
949 516 44
1411 1298 4
1312 553 3
92 826 12
539 1484 38
852 458 45
1055 121 32
1492 556 1
289 144 45
1087 1538 35
1092 702 49
594 652 34
1335 970 4
1371 1240 31
620 36 44
338 591 18
493 892 2
863 562 38
561 687 1
1016 212 2
47 634 20
1220 466 40
808 1261 20
1575 1229 30
516 1165 26
1212 1009 26
1161 1178 3
863 1205 18
687 394 44
214 332 3
985 96 7
602 793 15
767 1385 35
478 1355 23
1003 156 47
70 1342 24
432 806 27
1403 581 48
606 475 35
1198 382 13
1099 417 24
1585 1229 5
1170 711 33
1381 220 41
1353 222 2
1124 1564 23
1068 322 7
1287 1068 33
125 313 8
900 1236 16
1047 887 15
373 1380 15
1551 1399 31
119 1554 17
623 56 37
1462 747 37
1578 850 44
1591 290 39
1111 1266 4
1220 169 32
973 1349 40
385 597 3
570 183 8
948 76 32
15 1503 26
871 1402 21
1531 1468 29
243 42 21
809 34 8
683 375 37
727 1597 41
521 1514 38
1025 323 45
1244 1047 32
1541 162 34
1032 949 49
963 1129 14
1174 1225 22
257 1106 34
913 54 29
516 1484 48
139 19 15
496 1525 28
1236 879 46
1149 584 40
1544 1399 36
1300 1244 44
882 311 11
1082 1200 3
644 1355 40
930 431 30
91 1108 10
1087 348 48
1295 611 4
0 1520 9
436 507 45
554 1044 17
756 715 11
1294 1504 11
781 1319 36
744 1223 3
1170 1336 49
1049 1385 31
774 169 36
1555 43 23
728 1183 22
1229 3 40
1250 424 2
1506 1400 37
699 994 22
592 547 34
679 1532 44
10 886 25
924 1178 18
1415 360 28
496 150 46
1314 874 2
935 718 3
1588 1483 1
1372 159 39
515 427 7
992 1171 9
1547 376 26
1347 1274 34
1165 29 41
702 1599 38
1329 987 13
1139 47 26
81 956 16
1577 1420 21
389 60 8
368 1377 38
523 947 21
997 88 37
1431 1529 20
374 331 16
1481 42 38
1130 1329 34
1538 855 27
138 358 27
242 269 20
1394 208 33
363 711 7
179 215 47
152 670 8
1559 1477 49
1461 1015 19
880 817 45
175 378 48
447 287 41
135 727 28
1328 195 5
331 1313 22
50 1072 33
375 112 20
865 649 27
1495 18 35
130 1571 1
144 164 38
1560 1406 22
752 212 18
566 576 3
1154 95 26
130 543 45
582 1276 34
693 548 20
1456 452 15
214 539 42
1523 1166 37
958 948 28
435 1110 4
952 431 41
18 551 46
935 1087 33
366 19 41
630 1120 42
1439 405 38
1481 878 36
400 1005 25
395 352 12
1221 1273 40
1503 1595 41
1458 207 9
1500 118 4
1309 370 17
977 899 3
1171 1379 32
876 1392 38
657 214 45
1478 680 9
1320 246 29
1467 1484 43
1254 600 1
1494 846 38
1040 1076 39
239 733 16
807 1030 18
101 496 37
509 311 36
1053 427 20
697 299 3
1483 1488 23
1004 753 40
821 1323 26
1500 1287 49
295 620 48
825 468 3
90 1176 13
243 177 49
383 505 28
9 1492 2
1495 27 26
536 1420 35
1072 57 4
834 1342 17
637 1439 14
751 572 23
1555 1436 41
946 114 30
1367 310 42
1455 1087 47
1346 1444 38
1502 397 44
823 467 41
620 663 33
1140 1334 26
183 1414 23
1526 267 28
1182 375 44
1052 704 44
1063 73 34
1119 1011 36
1510 1396 15
1347 480 41
377 788 13
250 1266 29
1121 392 32
1286 335 33
1568 589 18
886 58 5
183 1264 10
1370 59 47
770 1526 35
246 1065 21
938 886 42
1353 1082 43
488 99 27
46 575 42
1075 737 36
1062 84 5
81 1167 12
1256 801 41
1428 1096 19
287 874 49
1572 702 11
1035 1410 1
1514 184 21
1394 1527 10
618 781 17
1522 527 40
1210 2 41
185 57 47
1366 682 14
683 572 48
1265 677 14
495 62 34
322 708 48
668 407 45
693 393 33
563 1582 32
201 588 5
1076 102 15
872 1253 33
1565 383 16
88 317 44
1255 877 48
898 468 31
400 289 35
162 570 11
1062 280 20
830 1561 37
1540 811 45
623 930 1
219 1102 35
448 415 12
865 997 27
406 242 17
1302 327 10
701 82 9
430 1573 16
1357 107 18
589 333 39
643 707 48
650 682 32
768 618 43
520 1435 37
1389 978 26
1335 795 14
240 152 46
1115 522 15
13 776 40
229 677 17
213 1081 2
439 1167 45
372 882 5
1163 68 12
1496 1136 46
1113 1093 44
954 930 28
1038 67 6
586 1174 26
836 1346 8
88 82 21
413 227 3
1506 1480 35
0 1239 37
185 435 8
1123 491 27
1562 1026 6
1531 1328 3
1011 1075 19
305 937 38
847 642 42
458 1197 22
1303 1569 1
127 544 20
560 1175 13
1063 1174 14
838 225 24
350 347 37
233 594 8
20 482 37
1504 1261 18
417 245 27
1432 155 39
158 1359 28
993 706 11
981 231 7
1367 484 8
999 1585 43
449 1537 33
1169 1361 45
1513 1308 36
1265 360 35
942 1405 24
778 1234 34
938 241 6
565 1470 6
1067 1544 31
411 784 18
847 1530 47
971 455 23
160 1435 48
824 1002 2
1406 1566 25
53 18 3
797 203 17
1345 1232 37
1272 807 6
926 725 5
948 1590 21
1039 546 30
123 910 10
381 1261 1
731 1151 5
412 202 49
411 930 14
252 600 11
923 1554 11
1157 1031 25
637 109 46
792 843 23
627 1218 35
287 235 46
784 23 16
1508 593 15
1113 637 36
224 1562 35
421 1318 10
594 163 44
1499 262 10
967 612 36
323 556 46
522 1499 29
1186 1029 10
179 337 15
49 755 10
790 58 3
444 1145 15
1388 1299 12
62 938 13
928 1378 18
1003 194 29
648 955 49
279 551 33
264 1481 35
1275 388 22
1125 1087 43
1058 141 9
290 1180 36
331 486 41
699 1121 38
1572 229 38
1450 894 6
1119 984 24
407 910 38
774 346 18
662 1002 2
327 707 44
629 263 8
541 1099 26
684 1245 35
241 803 21
75 1101 21
369 1192 44
88 1366 28
1487 1402 15
701 498 30
424 53 1
1043 482 12
1524 573 41
1480 7 43
36 1450 35
304 968 25
886 421 37
165 560 24
1393 1457 19
1492 59 14
1467 667 9
398 1130 34
44 586 24
1005 1238 25
772 253 2
604 1511 20
945 81 27
116 745 45
1225 361 22
1123 765 4
886 1392 42
1025 373 38
725 980 46
169 1418 2
967 1007 46
632 1411 41
819 105 45
1074 180 41
432 1045 48
56 1564 48
1512 1594 49
763 297 26
337 603 6
1209 125 46
871 237 13
858 602 47
972 1580 14
626 612 34
412 449 39
802 1375 20
380 775 10
1326 1478 15
906 245 46
1113 252 47
996 106 23
827 217 8
147 627 15
964 1517 11
1169 424 37
1165 521 10
1536 585 40
965 845 16
28 157 2
547 247 14
1409 1277 26
581 1511 14
1261 48 33
1558 505 11
864 1063 29
184 1336 32
1396 382 20
7 881 3
777 85 13
1135 438 15
228 622 25
9 816 5
1082 374 18
25 937 12
426 303 31
281 128 9
1078 1370 34
930 1290 44
249 336 26
477 1545 20
21 189 46
598 1491 28
224 849 10
228 1479 6
374 20 29
871 290 21
693 904 12
305 254 41
71 666 48
186 407 17
235 1221 28
469 612 30
923 1288 41
767 161 42
211 1479 33
665 353 13
1476 46 3
874 1474 35
503 1423 1
1015 1248 15
1269 1563 31
1171 249 10
534 349 20
341 1173 17
22 437 25
696 367 31
102 61 10
292 1134 49
1425 1297 15
655 694 35
815 201 24
491 1552 12
1214 108 21
911 437 6
551 718 38
599 1552 1
767 314 47
175 775 47
744 948 11
1064 905 19
160 859 8
1111 1480 9
591 1424 28
1087 1016 34
117 760 8
1128 84 36
1570 414 27
757 1214 46
1377 506 27
1059 879 37
1302 1387 43
759 955 11
1384 1262 20
723 722 15
1259 721 13
751 1186 12
1382 381 49
44 609 21
357 1108 43
558 1073 2
350 1303 41
1167 1404 11
559 796 32
799 115 42
926 1528 13
1583 1233 14
262 1261 12
931 1404 22
14 515 23
1327 867 42
1337 1435 27
1406 763 26
1579 1345 22
633 649 16
591 1574 22
426 1199 6
20 561 13
1524 642 3
689 1492 6
1016 166 47
149 1396 8
734 1405 30
1456 591 5
111 708 13
689 602 18
4 1341 42
1321 739 20
524 1329 5
131 1515 48
1468 928 44
703 553 22
1483 914 43
904 304 32
464 781 21
1139 407 28
600 1129 25
1110 156 48
620 432 4
123 840 36
1329 1167 29
235 638 22
481 1386 47
595 205 49
211 569 18
259 1594 17
1488 1258 4
1496 522 26
203 209 28
359 959 38
969 850 31
840 509 27
207 1311 36
1258 112 29
42 827 5
789 202 38
839 1336 32
898 770 12
781 172 3
1038 623 36
1237 221 39
1233 641 35
1357 639 46
81 614 13
944 464 11
1563 663 37
1179 1581 49
1513 238 17
995 1436 15
1084 3 33
1358 693 21
1110 134 44
592 296 41
1564 495 23
1005 103 47
1158 61 12
794 834 48
1350 665 36
588 980 9
653 1153 49
1041 851 33
285 78 24
128 1376 21
458 391 26
1242 1390 41
557 1108 24
749 819 34
1022 1359 18
388 184 38
1187 400 46
447 1099 27
259 1185 7
848 991 46
241 398 46
1077 300 1
916 473 32
1380 1099 48
1236 1071 45
399 1341 3
822 470 2
598 275 24
424 428 20
1145 16 5
152 132 25
291 363 7
415 1151 27
147 1374 44
803 1038 22
465 1505 1
1536 451 23
988 609 30
466 1595 48
1301 1523 44
1186 1195 45
1217 505 6
907 804 39
1083 1181 26
612 830 17
471 1046 28
1272 1545 1
1063 437 25
647 541 7
711 1184 31
645 92 37
388 229 16
1080 209 5
1518 1038 14
1495 1434 49
894 989 33
497 652 45
1556 1594 2
1505 460 34
867 362 48
102 1348 3
1425 367 47
521 717 36
1241 694 7
748 797 38
877 661 24
590 1075 2
625 53 9
843 745 2
480 891 36
860 1406 39
1053 1432 5
1453 502 14
222 128 28
646 369 9
961 361 38
233 7 19
736 403 14
1265 215 47
237 820 41
534 1338 26
1250 56 26
1541 1435 35
922 194 6
648 502 33
328 501 42
339 113 23
1327 365 17
1548 1085 49
1491 806 35
1023 861 8
659 1289 31
1536 11 10
1484 210 6
1015 666 42
431 1121 46
830 785 4
474 631 27
1207 155 45
1470 761 28
1067 343 43
121 102 15
881 1076 5
1048 605 12
692 331 15
524 71 28
498 1205 34
1169 502 8
196 1421 48
623 1158 41
1437 438 44
86 1344 35
1598 1242 33
475 1232 21
1339 1003 23
635 1146 49
1019 942 24
950 1526 2
1464 933 10
1005 125 49
189 285 1
843 881 3
106 112 49
866 1328 43
21 1033 34
717 181 43
1550 1568 10
950 124 47
474 1119 1
1590 1126 32
1138 1126 11
281 396 47
139 388 18
1017 1180 37
173 1493 2
1158 246 37
1183 59 38
480 1043 28
871 1262 37
474 208 21
123 79 6
248 444 42
408 343 16
256 1254 30
1246 1577 35
295 66 45
851 582 49
1243 745 45
644 823 46
422 703 12
1213 949 37
1156 1053 32
1142 1254 13
354 399 20
723 461 28
900 225 37
547 171 8
928 427 5
131 1091 48
509 179 22
557 346 25
667 363 42
964 1532 33
1438 131 29
1557 284 27
1091 983 8
1347 786 46
714 756 17
799 525 48
708 184 21
261 26 38
197 1228 15
406 267 33
740 199 24
768 1091 36
309 72 25
275 1027 24
806 227 42
991 1175 46
1362 1359 16
1450 1504 42
567 1514 4
804 1353 13
504 461 47
1450 108 19
1157 817 15
16 321 17
199 1062 46
1469 720 29
693 760 42
1513 651 47
860 1283 27
1335 66 13
560 1053 9
618 558 24
1106 791 29
22 647 42
665 1253 33
573 21 32
10 1490 36
1557 1209 48
941 315 43
418 756 6
992 301 44
740 565 3
1425 804 19
703 1254 39
854 410 43
336 291 43
165 515 28
249 288 34
588 385 19
1285 541 4
684 642 24
1093 1075 16
1202 727 35
1140 1408 34
1004 479 42
568 1306 7
1109 519 12
924 667 24
642 1240 37
255 1538 11
1276 1297 8
1134 1489 44
529 775 37
1210 201 24
863 276 10
808 474 22
509 1015 8
907 1147 48
1195 569 24
805 1262 4
357 1432 24
1323 315 16
1594 924 7
217 228 33
255 554 42
1212 545 27
1338 1008 47
252 1067 28
480 156 46
833 1055 19
344 1562 6
537 645 25
198 1165 33
1269 1455 44
28 615 38
151 1457 43
1542 420 31
419 205 17
227 703 48
383 528 46
412 447 1
1599 1098 17
677 1024 37
643 1125 28
1020 1345 11
1355 1130 8
1171 1227 7
269 785 18
804 1040 28
674 470 31
847 1045 43
1488 337 14
280 1544 11
739 1471 42
598 211 22
454 855 49
29 720 43
1319 727 44
573 1579 33
687 684 18
579 845 28
677 871 40
914 949 34
295 415 34
894 387 16
723 431 41
1571 441 48
1020 909 21
1291 1113 35
647 1473 49
1328 191 22
1457 767 27
1064 1207 27
483 419 26
1174 857 40
1517 1441 11
1258 784 41
291 1153 11
1322 1465 48
1042 731 40
1443 921 6
864 937 1
723 460 27
398 809 25
736 1075 47
567 676 21
825 1235 49
761 1146 4
654 316 20
253 757 21
735 44 7
1399 72 43
1392 53 7
223 172 20
6 1502 12
15 1184 41
199 1574 38
540 684 37
795 658 19
63 101 3
354 851 30
385 308 8
857 207 43
844 1007 35
248 888 36
1442 826 15
377 945 41
1381 1038 23
1570 608 36
895 7 10
68 352 48
1348 208 38
1319 1596 27
1585 495 36
910 508 1
285 1259 47
583 514 46
6 645 49
639 1588 10
842 66 12
877 1146 15
736 1492 13
917 1490 32
1332 30 36
302 69 47
293 1397 23
1558 73 10
742 290 12
1456 1463 29
1065 178 45
116 888 16
869 1290 30
843 921 28
693 897 45
323 809 43
1096 1368 34
588 1343 43
556 1597 20
39 877 36
836 207 46
783 52 24
1403 870 6
1570 48 3
1444 608 46
142 612 12
1256 164 1
991 1421 42
377 796 35
1118 574 9
1139 1552 45
155 1401 26
1334 845 37
927 889 3
1493 503 15
1081 566 18
924 611 38
713 1146 35
632 1361 49
10 1119 20
900 1134 2
533 1084 1
1442 799 49
535 1097 1
782 1134 20
647 1134 13
1220 593 29
49 131 13
1435 468 17
100 430 33
470 817 11
594 1412 48
866 130 23
538 1187 21
1405 211 31
836 62 8
816 1297 25
465 953 30
384 1327 9
1091 1525 18
1003 93 36
611 1276 35
645 1244 13
901 831 17
380 176 29
623 1227 37
998 185 44
181 814 7
460 359 25
1098 833 2
1301 929 35
628 1473 3
368 1491 31
336 785 20
1371 1519 24
639 150 16
699 27 32
572 57 46
216 665 31
1503 124 49
45 535 2
183 266 7
748 912 40
499 788 37
186 773 4
1209 390 34
637 1318 40
135 127 17
1023 1562 21
1537 342 12
1549 930 17
807 1146 17
927 334 38
1513 270 25
1517 1581 27
275 594 40
207 1107 43
1210 941 48
1161 822 28
1367 1273 27
1202 1270 34
1230 1015 33
1247 101 7
984 1413 49
1450 917 31
811 630 20
93 1006 46
1461 767 22
799 894 18
115 207 32
287 57 34
1138 670 48
1159 841 35
709 544 18
1554 978 16
955 1049 17
1412 1093 28
810 852 38
462 551 39
601 603 32
87 1173 11
961 799 11
1285 1477 47
575 1393 12
108 920 31
702 734 21
904 727 46
1485 406 46
1547 1049 7
1199 441 13
585 104 37
414 963 32
1436 1052 2
1164 356 2
821 774 25
193 1547 19
516 966 26
817 1550 49
160 1476 23
46 66 45
544 775 41
1124 1249 12
1539 1145 8
280 1228 40
1194 1076 10
52 591 3
890 583 15
1420 967 19
1113 1211 24
560 721 16
1388 722 4
1528 409 19
66 14 20
980 1025 38
115 772 42
1077 628 41
32 339 20
1230 1361 46
148 1461 42
1540 377 38
1030 1475 12
1554 1237 1
749 19 15
889 761 4
975 885 12
1399 258 10
121 440 32
1046 551 10
676 925 24
53 326 1
336 991 2
571 133 26
1320 359 22
1495 547 45
534 317 10
198 1420 26
967 412 6
350 586 27
525 372 21
376 684 23
171 995 27
513 677 27
1502 1117 43
491 672 41
301 605 32
609 1312 30
296 395 11
381 843 37
716 447 10
1433 1407 16
866 467 1
460 879 1
1231 346 21
1188 1430 19
344 862 39
455 861 20
346 4 38
1521 1064 13
688 842 3
914 1137 5
651 439 2
149 457 18
1242 332 26
201 648 30
982 1492 9
1121 409 28
1379 1020 2
1402 300 48
1249 303 45
520 1015 18
1474 466 42
458 682 42
1065 17 12
1429 1585 7
623 1165 28
176 441 41
1556 1190 9
1540 890 36
776 1314 42
1205 1407 4
967 560 3
1230 1274 17
725 1468 24
275 420 48
305 105 16
635 830 19
1031 30 10
740 549 26
751 1296 6
906 1595 28
259 308 5
1026 776 17
1088 85 10
449 430 14
106 210 17
891 1197 13
1557 1583 9
1563 480 5
240 777 31
1464 919 37
1594 1128 18
1450 1055 12
1555 445 26
300 639 39
698 312 13
229 1126 48
47 759 42
996 270 48
619 1091 4
910 944 29
538 1274 42
758 840 29
1022 457 36
1583 1199 2
601 1173 11
971 842 44
560 1390 47
501 1066 35
228 543 44
144 936 3
7 864 32
34 100 14
403 22 33
547 603 15
333 443 9
509 12 39
1283 211 10
442 509 26
392 66 31
1262 490 24
1396 477 8
221 1295 15
1197 811 8
1495 39 33
352 452 26
543 784 29
1371 1065 30
1482 1427 44
1030 737 11
695 1450 28
1255 1212 49
1034 822 46
1596 579 40
1396 831 13
1582 558 3
809 1297 11
253 36 36
18 857 6
1188 970 39
170 838 46
1180 1484 8
747 433 37
716 1080 10
458 1509 23
378 1183 37
549 1264 22
1100 641 45
795 60 23
901 888 31
335 374 1
1397 580 45
1409 315 22
372 1482 27
358 709 2
530 489 10
1182 53 32
815 421 40
677 1592 2
1530 846 36
1020 788 2
464 545 39
1015 1071 40
1505 1409 13
120 1086 39
1042 561 47
992 436 44
5 55 13
1366 84 42
573 76 47
369 1488 1
1116 1158 25
423 4 19
724 411 8
60 1581 28
165 871 40
441 1234 39
171 313 7
265 1066 16
562 667 39
445 1294 40
1039 971 39
1016 242 45
1430 95 3
463 1151 7
1343 1462 10
350 1385 45
290 942 18
419 1434 7
475 801 22
610 403 17
1419 21 36
496 614 1
887 1536 21
1581 1561 3
319 568 14
1310 125 29
425 1254 23
779 731 46
1442 729 45
354 34 20
466 1165 5
393 1315 30
429 152 41
1492 832 38
927 128 39
330 817 11
483 725 27
1 407 44
1521 600 13
1491 226 30
1344 79 10
1122 117 21
692 1220 42
224 1244 31
485 1337 36
359 780 30
23 342 14
985 433 5
256 312 43
822 1340 1
317 594 16
1412 794 42
942 143 9
594 658 8
1079 1149 49
559 1474 11
995 437 32
892 1173 7
10 293 36
627 1404 43
437 800 44
1462 1267 15
723 94 11
687 1566 40
1431 410 4
561 777 34
441 1178 43
378 276 43
1577 58 29
620 838 32
1188 5 31
423 1188 8
1494 970 12
3 1539 2
1224 98 25
767 972 12
944 266 37
1535 322 25
199 1497 28
759 526 21
743 897 11
559 703 13
363 21 19
236 976 13
477 872 2
370 1324 7
1090 1532 46
469 1578 1
992 556 3
710 1207 20
1245 141 11
344 1272 37
611 820 36
757 712 31
101 1444 21
1531 878 13
242 955 20
86 1537 46
463 576 36
858 782 46
459 119 46
1229 283 25
344 1157 34
37 1316 42
846 583 37
905 1398 13
612 455 9
537 919 19
33 1063 29
1008 636 36
185 463 38
1224 1475 21
899 1340 11
84 471 37
1565 305 11
1296 98 48
6 1027 13
1120 216 18
1038 1481 7
114 998 36
1212 289 31
288 937 9
890 719 31
1054 1372 34
1294 570 48
665 830 4
1039 464 8
1026 45 23
1029 396 20
662 756 41
947 136 1
16 1573 8
145 858 48
779 1359 42
1055 1589 19
670 789 23
206 1363 17
498 670 2
892 1001 16
518 89 46
535 175 15
1320 549 43
816 1056 17
1511 1160 14
1222 463 4
158 759 27
963 762 41
868 304 13
586 291 32
600 594 28
1282 1319 34
592 1309 24
1366 1054 5
821 274 47
60 1138 29
1061 27 28
858 909 3
994 756 49
206 328 5
887 1187 40
287 1172 47
1525 725 29
974 593 35
160 37 30
757 1065 2
1257 64 3
1563 656 40
1413 1378 9
267 1433 40
1317 1298 20
1227 893 44
881 1194 42
605 392 18
372 1260 48
66 300 23
858 636 6
750 1131 37
1075 1282 32
1019 1376 27
49 1366 22
321 517 35
1196 33 47
1329 1028 13
1343 1336 6
190 392 29
85 1238 4
810 607 26
1086 253 47
1264 1506 1
764 1412 4
1067 732 1
1422 568 27
129 763 28
48 1038 38
1236 1247 4
401 0 9
243 877 25
974 682 8
1478 1396 4
912 1427 48
729 336 40
1119 1383 38
387 176 23
684 1024 12
1400 488 21
276 870 3
1594 1527 9
185 461 15
362 224 35
437 1029 6
743 1581 29
1506 1185 9
1305 1198 5
1005 231 12
24 1227 16
777 33 35
418 493 9
675 1484 3
821 1410 28
357 338 27
867 1018 8
1049 1131 46
1177 1287 16
1131 1174 7
159 1445 43
363 745 44
904 1332 34
1223 636 46
888 797 17
170 824 7
413 636 39
1554 1335 44
400 642 20
287 1591 18
1229 340 36
1302 1442 1
990 978 40
655 940 44
600 601 23
1090 1298 26
1468 66 48
901 459 8
90 985 11
838 1513 21
398 1309 28
735 463 12
32 552 22
1290 875 27
354 1092 27
773 604 47
935 586 5
193 409 12
719 477 14
309 362 12
1199 606 13
1406 462 44
625 936 3
577 1032 23
1256 236 36
413 58 7
504 221 24
611 34 22
1513 1083 47
156 1431 43
1137 1305 8
693 669 35
1295 625 37
317 170 11
908 809 49
715 1575 46
1074 1438 26
541 1464 44
950 731 37
420 431 46
1268 358 18
997 1048 25
1111 408 2
1067 1570 23
1324 998 25
694 1356 29
711 29 36
1299 781 25
24 610 24
67 1597 42
588 946 16
494 1093 3
1403 728 27
1144 1157 47
440 1061 21
1107 1124 19
956 1370 20
1593 619 19
967 232 41
1224 1190 19
1156 1304 6
1007 1541 22
1442 1296 32
769 10 18
458 1036 15
72 913 24
198 1454 28
580 880 1
138 782 49
785 1552 26
19 629 21
1407 1590 2
1566 87 48
903 797 12
1083 900 5
902 162 44
811 1056 23
469 1342 10
331 317 10
936 193 28
611 1283 43
990 1435 21
816 1035 9
1234 1117 34
419 443 5
33 551 16
1277 1348 48
279 633 18
1045 1338 26
923 439 6
121 1024 38
200 88 9
276 526 30
243 1099 32
672 316 7
977 626 8
1428 189 24
845 95 28
1523 1317 8
1102 806 20
505 1202 3
1413 353 9
1581 135 37
506 1150 5
663 1226 31
328 784 20
565 431 27
1331 1187 35
237 369 23
1237 1471 42
207 838 11
1163 1217 8
395 819 44
1430 178 46
406 1248 2
948 1135 25
1355 928 25
823 1051 19
756 720 43
959 1341 42
13 1296 11
58 500 24
1389 697 18
1553 1343 27
218 1137 23
1335 330 48
17 900 23
943 728 33
1019 1326 8
875 66 10
1303 1594 12
99 1057 17
419 1136 24
1143 574 15
1099 1522 13
1132 474 25
610 591 23
1491 502 41
17 1416 17
65 1589 36
862 1439 24
1142 798 19
15 267 28
488 1398 16
1311 1575 47
231 367 46
1001 506 28
386 1578 31
428 1494 33
805 644 17
640 189 43
1533 1514 22
692 782 20
1405 202 25
463 1473 32
1024 710 3
1572 723 2
1188 1079 30
1128 1124 23
568 227 20
1374 403 44
1582 933 37
1046 1291 6
712 1487 6
1522 1529 29
410 1357 15
542 74 47
475 1126 25
1173 977 30
280 620 34
446 120 44
17 1233 46
151 1119 31
676 685 1
1184 169 23
1146 231 18
436 898 13
180 292 14
1202 704 14
1512 515 13
1264 55 13
229 1273 46
1108 173 6
65 1424 32
54 1152 24
74 1026 14
1252 353 34
1104 843 31
1435 840 26
1275 574 47
193 1358 19
341 1536 36
1268 499 37
327 212 15
972 288 32
346 670 20
648 11 25
1085 1456 6
663 115 16
340 1090 33
544 104 26
1468 731 25
654 1094 36
201 1515 23
1481 527 25
565 1356 4
651 1069 40
937 954 21
1004 614 12
628 960 41
1091 135 41
1526 965 33
320 1550 9
216 226 11
848 724 43
144 1081 44
1455 838 10
29 393 15
1265 1280 5
65 1577 49
654 1253 29
1470 1533 11
401 469 22
460 866 31
787 1095 15
1200 1135 29
293 1173 36
300 1257 2
36 461 39
331 377 32
1039 331 47
1198 639 40
690 232 46
882 580 17
429 18 5
321 909 3
480 519 37
1034 1064 36
694 557 47
1491 797 48
1485 307 37
244 969 12
82 443 29
811 868 43
1493 1091 15
831 712 19
745 822 17
293 823 22
772 920 16
1528 1096 43
1430 283 38
308 1200 38
570 710 41
579 459 29
464 288 17
1015 1563 16
813 65 27
1536 124 27
1508 79 30
397 757 30
268 330 4
311 1037 42
1554 247 48
623 797 21
311 200 44
1467 1017 47
768 3 3
1552 349 29
869 1076 8
810 1565 23
514 1522 44
79 22 30
1124 927 23
100 934 34
799 254 39
1390 1382 7
300 449 36
669 88 35
749 1308 3
1581 1407 31
467 1072 49
915 1167 45
1519 954 29
23 1441 16
11 350 18
1581 641 9
1077 1211 48
437 1538 34
27 453 7
662 1188 1
1325 1145 31
344 1509 47
217 112 27
708 555 31
563 1210 1
52 392 3
1474 517 25
724 791 36
477 519 27
439 216 37
790 822 2
809 1537 36
662 677 23
81 304 39
525 1078 2
638 624 37
738 1239 16
1352 1165 15
610 872 38
610 388 33
310 701 2
1495 754 1
1350 362 1
1353 308 7
1420 120 5
987 1062 21
1035 184 46
379 1170 24
796 1420 41
482 1090 37
700 717 6
398 442 40
1118 951 10
299 596 3
1513 489 21
711 731 6
296 1244 11
1406 747 1
24 1360 26
934 686 43
273 1353 37
964 461 47
1081 627 2
735 693 12
440 340 15
1020 193 28
663 945 2
164 1457 6
1506 697 15
443 558 12
177 764 3
51 1195 47
801 595 22
1030 945 13
1215 1597 12
1033 843 22
819 271 15
245 14 45
274 637 27
900 707 46
695 685 35
1028 525 26
552 961 36
1268 413 5
928 1247 47
512 67 32
1042 192 20
1273 604 25
609 1195 17
675 441 37
1377 94 49
1126 357 22
593 814 45
344 1564 35
1501 1564 34
571 426 43
730 519 16
18 714 32
1007 1094 7
1584 927 30
879 1182 9
1295 339 46
1488 353 3
478 1152 22
360 1170 43
1004 1042 49
163 87 44
1028 1491 10
644 157 46
327 190 46
1032 1549 6
1580 402 15
1053 472 34
1222 501 24
925 418 41
68 861 2
499 1203 33
88 1557 27
802 1251 3
1475 935 35
823 531 41
384 171 14
860 1340 49
998 957 12
1218 359 17
894 1526 28
1125 321 10
745 732 9
1331 335 33
1550 1328 8
1289 502 22
1318 624 11
1057 1547 19
289 679 16
543 1361 31
1388 944 32
34 1519 10
840 529 1
1374 1291 27
1278 240 3
770 665 12
1014 515 33
321 681 13
1579 1506 1
133 879 15
76 377 4
1463 850 48
275 1133 20
730 110 28
1333 1115 25
1361 1571 24
1278 1062 26
509 59 27
567 633 33
1447 1379 29
288 873 45
1450 1100 43
57 599 10
759 139 20
571 292 6
676 183 37
461 263 46
1112 1290 7
958 1062 48
1163 1091 43
748 1223 7
1387 460 15
1165 799 17
960 852 10
925 229 24
320 826 31
797 733 30
835 493 23
1219 122 11
1413 919 6
5 795 42
670 1473 43
1012 391 44
488 831 45
972 665 34
50 1317 24
836 884 35
48 1333 1
1132 845 31
283 1079 44
428 634 28
309 1399 36
1553 500 33
509 634 1
681 997 10
1428 514 21
840 682 26
369 489 11
1219 1113 28
593 118 49
1131 53 1
64 736 49
200 1367 7
168 42 25
140 749 19
1269 580 31
698 1355 20
1220 130 17
1573 184 23
1015 643 20
1168 1459 40
543 779 28
121 908 15
1354 1523 48
1369 1465 26
1361 3 47
210 455 43
1450 715 43
1290 347 21
1513 1376 24
187 211 33
305 978 3
1202 1530 6
1193 716 5
192 740 9
94 1230 33
1518 387 16
1393 413 15
889 860 28
581 1139 5
982 368 14
1490 110 8
388 783 9
1225 351 27
1442 657 33
1018 1230 25
545 209 10
55 738 13
206 1595 20
933 1012 44
364 414 32
368 867 11
1387 699 25
1532 263 32
1223 238 1
1379 585 44
1589 1075 15
1195 474 10
1346 522 40
518 712 48
977 752 25
228 668 47
46 1105 27
1572 681 25
399 1010 27
1008 109 13
1171 1218 19
1353 927 13
1113 1277 13
828 505 40
856 918 12
1476 1411 42
938 1519 26
242 283 42
625 305 1
793 1277 45
1066 1225 9
435 164 19
1546 120 44
1503 856 49
896 311 31
1239 1496 14
70 205 15
696 1178 30
428 843 23
917 1430 36
1561 135 29
24 1272 39
412 122 46
1539 375 29
195 975 12
776 1211 15
1252 1483 2
1132 1297 16
18 488 36
164 1589 32
896 1434 40
203 442 26
256 1524 49
46 1037 18
964 641 47
50 740 41
1537 1171 45
1287 1230 6
778 177 25
1589 943 44
1526 1556 40
425 251 39
536 941 15
1224 717 32
1197 1471 41
810 1334 9
538 847 15
243 850 7
1138 1506 40
32 506 45
251 1494 45
1377 566 25
267 693 37
872 784 16
1245 1029 42
929 874 30
489 1539 14
669 762 15
1488 548 35
441 285 6
102 1368 38
1317 304 47
867 1403 15
541 1176 8
374 81 4
679 479 19
131 1335 43
1055 2 20
318 198 29
616 850 42
510 1130 16
1240 335 1
109 156 6
208 1439 28
259 549 4
920 911 37
419 552 17
654 319 1
843 123 48
1126 259 7
600 841 16
268 673 24
987 1252 33
1538 135 18
648 470 40
844 1415 24
978 1297 39
705 1008 42
1168 653 38
811 319 35
111 540 47
443 348 2
33 820 31
1337 778 8
311 1495 39
448 1110 4
262 355 42
1252 928 20
562 1346 44
633 31 24
757 709 21
607 787 35
1234 689 8
451 576 9
463 1346 38
1300 287 32
760 522 49
1023 551 48
1214 701 25
825 195 47
213 266 6
62 239 42
669 561 11
484 49 18
679 15 28
442 563 17
593 1185 25
1070 56 41
532 614 31
628 11 43
820 57 34
126 1107 27
1476 954 16
361 1086 38
321 966 34
1350 90 32
374 1282 28
681 516 31
995 54 25
1079 1109 5
1475 827 44
925 1186 22
1069 161 18
510 1007 31
602 461 26
1251 435 43
644 573 44
1469 181 10
884 749 5
601 70 3
479 67 38
1413 194 2
1275 542 25
716 656 38
1403 167 46
1067 892 38
1314 1305 12
267 605 22
45 1347 43
177 428 12
1551 1211 41
64 841 36
1129 1230 28
503 211 41
266 1034 48
116 1436 18
1333 1417 4
876 1198 28
894 1007 12
778 114 37
318 950 8
1186 752 42
419 905 34
932 1174 11
43 1253 17
657 979 27
994 189 23
1294 117 10
428 478 23
144 449 38
1 422 20
1188 1595 16
1554 295 24
1029 1284 11
1263 626 17
1224 762 17
959 816 14
1269 990 39
1064 1393 9
37 1246 23
771 192 33
645 305 33
964 1507 33
403 243 26
731 688 10
871 383 26
506 1511 4
1155 798 49
1526 1579 42
1281 1288 24
1557 609 42
1051 1366 5
593 1339 22
1186 1227 4
547 1109 2
1012 1573 37
340 351 42
122 517 48
433 212 15
529 583 11
1115 463 32
110 1192 44
1353 294 15
1054 1561 42
1248 1483 34
1342 346 19
485 1255 17
629 732 14
544 1289 34
1086 232 7
461 979 11
1240 729 43
1444 1181 49
1227 1086 41
414 845 27
1022 1367 38
1398 1245 6
1268 906 19
1066 1067 18
25 1031 4
556 514 7
834 924 45
1048 705 10
1116 1013 39
1318 318 22
341 1083 29
1306 557 49
1435 1384 19
858 800 32
484 45 40
1569 1245 38
1046 886 27
32 1298 23
879 362 11
1477 1006 40
1451 215 3
1440 886 44
1294 651 15
712 487 39
1451 562 8
1339 1568 29
136 396 27
9 925 48
460 167 30
1043 1017 25
499 1213 1
897 1590 11
421 1012 8
980 1455 18
1348 562 40
442 17 26
143 1428 46
1585 258 39
755 486 14
261 1020 34
1184 1412 48
605 863 48
1265 1133 41
843 1239 38
1083 1126 37
1020 105 46
237 1595 48
882 224 38
380 49 4
1390 992 44
410 999 35
1173 240 37
448 1341 9
1491 190 16
1492 672 8
439 1185 15
1360 424 13
5 1561 33
224 1545 15
588 1558 35
238 357 16
346 353 30
81 642 1
726 362 4
1444 1415 42
1210 76 17
334 1377 32
1266 1132 46
278 1206 42
1324 142 22
578 827 20
456 296 29
844 326 9
1238 84 3
997 1363 45
604 709 23
580 1230 35
1550 991 15
450 409 38
971 601 17
1338 256 17
1247 1471 8
137 1538 29
756 409 11
414 981 3
1546 751 10
146 183 38
149 621 4
585 1342 39
1462 1496 28
455 842 9
242 722 4
24 987 22
1435 584 34
1416 362 19
167 1173 45
887 1025 3
108 132 27
1478 487 43
1324 743 41
554 475 2
350 948 37
87 556 24
262 258 44
843 7 24
1201 1522 23
1568 699 43
1413 41 43
1391 467 42
361 1268 19
1491 985 34
1524 272 5
718 1085 48
372 1273 46
1283 1173 38
1252 479 32
1017 976 25
1361 882 42
1534 313 9
1127 1440 44
596 1320 42
624 865 14
804 1576 41
242 227 9
543 268 35
147 400 37
820 1363 47
1385 825 14
518 1331 31
449 1419 11
1007 601 46
1132 257 41
172 517 21
53 1238 10
978 1200 1
829 876 8
528 1046 47
180 118 44
636 466 23
879 868 48
484 1439 25
692 84 31
309 1599 46
32 729 1
1140 1484 28
1410 416 12
276 757 9
642 1530 14
1182 1589 40
1505 708 46
1225 86 45
182 615 29
1583 940 27
720 403 20
1504 1217 7
768 67 17
1229 1135 37
381 543 40
1297 898 36
1448 480 39
470 37 39
163 1460 12
666 344 37
309 532 30
115 1260 6
1145 4 37
1405 492 12
758 584 34
621 80 36
1412 361 3
628 196 19
155 123 48
271 833 6
108 216 1
652 1161 16
488 981 30
1519 1073 19
669 731 31
15 1143 7
977 1328 40
718 755 15
1499 859 39
305 314 13
1071 1442 43
577 204 45
1313 1205 32
1200 895 38
125 598 42
102 1197 21
855 1131 12
650 854 9
483 601 37
135 1122 8
1128 744 16
1470 1202 32
1045 550 13
449 193 14
1118 79 39
1527 521 41
1318 1555 13
494 445 7
90 1462 8
159 78 48
1558 209 43
1071 195 38
1525 844 11
815 690 32
934 1346 28
31 1521 39
912 1009 17
547 918 27
558 220 19
1449 1135 44
94 386 37
1120 1339 31
734 1332 3
382 1333 10
1256 353 21
1034 1331 7
1455 466 48
976 1192 27
705 1163 41
1370 782 10
157 1357 15
1289 1563 2
125 1052 46
1577 379 22
1423 70 33
51 1399 33
1599 459 48
1316 1436 29
759 1531 36
279 39 47
1321 686 7
1079 267 47
447 743 35
331 591 29
1192 887 27
1184 635 22
331 249 33
1045 556 24
1066 849 49
483 163 23
1441 1176 19
1024 868 37
990 648 14
118 577 34
382 1088 4
468 910 33
642 372 18
180 836 23
1211 224 42
22 792 49
943 422 10
132 163 7
1254 874 39
508 74 48
190 1576 26
1398 1056 26
260 1088 10
883 168 3
1328 1486 42
720 781 14
1295 859 10
765 1240 28
24 1465 18
69 518 6
1140 250 37
445 612 6
969 340 47
1524 377 24
60 1545 13
1548 32 4
1187 230 25
1302 1557 39
31 75 38
256 1460 14
374 190 1
938 777 19
1189 660 49
213 1148 28
108 623 17
798 30 24
1086 12 43
1483 471 4
547 138 31
512 749 2
546 1522 11
241 46 3
533 262 1
1274 1403 24
742 587 4
1260 800 10
383 664 45
667 1121 26
115 1353 11
1034 660 23
385 961 10
73 231 35
1122 125 19
1349 1199 5
932 299 49
1547 1029 9
812 321 19
150 1122 9
1458 1379 47
1379 985 25
692 121 26
1592 805 35
727 545 26
74 1248 32
74 551 49
724 310 43
14 852 22
515 1150 34
302 1596 25
1131 477 41
327 848 2
1524 760 42
838 117 12
1305 22 15
293 619 13
1174 35 48
1050 703 33
416 390 27
402 75 36
1145 169 26
357 255 23
978 937 38
375 28 15
635 213 48
184 1258 29
119 222 15
1090 1345 45
387 1106 10
642 1302 35
79 586 44
1418 1115 13
1027 95 35
665 104 24
180 1535 8
1197 1070 49
1453 1058 32
3 363 24
475 1388 29
1581 800 18
1598 380 8
996 78 34
780 111 48
763 1471 20
1564 1402 16
424 435 23
1324 1519 23
1241 700 19
217 1489 27
1080 1141 18
445 134 46
9 1405 34
650 1536 44
160 1174 26
1512 180 1
1283 764 3
1476 907 26
746 996 9
388 580 49
1028 1382 41
841 1146 18
1490 1597 20
64 1242 4
463 1392 21
867 128 46
830 1446 42
14 737 29
544 114 10
576 1232 45
1144 852 35
536 81 49
218 1057 16
405 1145 18
1044 1040 11
323 937 1
799 745 7
778 1335 4
274 1410 21
1040 631 31
1441 130 42
713 1284 35
1332 1102 17
399 1312 43
870 996 20
1193 365 31
1284 1378 38
824 691 38
1040 135 38
269 734 3
528 394 20
494 685 34
1364 1178 10
387 730 34
1567 355 27
360 518 42
1215 355 47
846 181 26
92 1503 34
830 262 31
766 140 7
1189 204 41
1493 465 10
1360 72 7
948 815 39
809 882 28
1517 808 45
1434 1521 21
1156 1221 16
1455 344 5
885 721 36
1452 1553 7
1142 122 12
1012 688 42
1255 808 34
1038 1089 49
1521 1047 2
1301 1172 37
1385 1113 8
170 1136 15
906 219 1
270 314 27
1459 1528 32
1328 452 15
571 1431 30
1039 577 35
786 1048 4
1263 1024 30
667 75 17
132 651 16
119 638 28
1 215 7
1004 546 35
489 1444 41
1514 359 24
1393 520 18
1063 653 28
31 1456 20
1328 1001 29
726 305 30
924 1197 21
93 1465 31
432 1429 39
1120 347 1
53 734 28
1146 1282 45
199 24 29
1181 652 18
990 1077 2
242 915 2
29 93 2
181 788 39
890 1095 22
979 1378 3
1255 984 48
1452 1467 29
1544 1315 22
309 1511 21
1285 653 25
1203 636 40
1303 389 25
41 169 39
646 265 23
275 413 23
1459 1177 14
912 1365 39
918 681 23
182 1488 32
1217 181 13
288 958 47
181 189 14
703 1188 39
556 852 13
1255 644 34
1373 636 37
1340 786 3
1306 618 18
536 495 27
1201 641 43
381 419 24
253 332 46
1556 878 1
1258 283 22
556 376 15
226 206 18
1351 1557 2
108 1567 44
433 888 45
542 1412 4
1126 1453 5
729 217 35
444 17 11
4 691 26
1564 1031 32
1149 1254 27
878 953 31
918 881 17
1262 93 38
899 1370 36
446 1391 6
1489 623 45
571 1224 47
326 273 20
1442 1555 27
394 601 5
1276 1256 12
1318 656 20
1348 629 38
1560 3 14
1489 266 35
1393 28 1
51 245 34
506 302 8
980 623 42
1050 603 22
611 529 24
545 112 12
1077 154 47
603 174 48
454 540 37
148 1158 26
1291 1155 27
440 1035 14
269 740 13
1228 199 31
2 572 16
3 1159 32
771 591 4
254 794 6
3 1121 10
198 1486 40
608 1327 49
252 318 44
1300 532 25
1219 389 33
1141 334 4
973 57 46
1060 184 32
1553 1599 13
414 754 23
1454 825 35
165 483 20
1426 1219 22
1024 256 10
1400 1205 24
221 53 21
1230 1594 38
113 794 18
1309 1265 40
227 105 28
1537 23 17
750 1292 13
961 760 43
754 1195 3
747 1278 45
860 1391 21
1049 592 40
63 999 45
311 59 12
214 500 30
262 1282 32
1201 972 12
898 886 15
521 1455 11
128 1422 21
1035 606 26
570 771 32
1077 281 30
1340 468 32
236 1551 40
1048 1141 40
947 475 6
1167 94 6
1397 224 6
1409 1160 44
651 554 37
1218 774 49
1419 674 13
1331 760 2
1067 1009 44
94 1039 11
773 1272 8
1572 6 31
240 10 6
46 1328 13
582 1003 34
124 1357 16
543 1368 2
1596 624 8
259 376 15
1243 874 25
885 769 19
678 1304 26
922 1193 15
123 1470 35
200 1426 19
744 642 9
1172 633 38
1386 1070 45
1344 840 23
1394 1398 28
1435 497 38
650 225 8
1030 1277 20
577 957 15
786 565 9
883 912 20
588 1204 21
449 1596 15
412 1060 22
1554 632 7
935 136 29
608 1097 24
1303 785 12
301 793 30
178 982 17
135 1005 40
284 192 37
899 1407 22
1303 348 25
811 320 4
1038 943 41
1420 253 11
538 1230 23
1142 737 36
528 1258 18
1022 82 7
595 830 12
880 1258 6
963 925 45
314 430 20
1469 1026 5
954 1097 16
837 1327 15
245 1295 38
902 813 34
477 1000 20
1290 18 48
412 87 40
1480 1127 47
1383 1159 1
83 281 31
1280 719 44
1072 1565 28
1319 1039 30
1323 604 1
665 651 28
726 234 25
559 1358 39
1059 943 43
435 1463 26
614 1247 3
1070 155 14
587 1469 19
314 92 43
987 533 10
383 1227 10
197 1049 33
577 993 34
1152 1555 45
1000 948 46
555 1335 41
1481 1414 35
76 845 17
407 1178 15
918 1294 5
719 668 39
318 693 2
534 530 27
973 898 19
1030 171 47
261 525 49
511 702 36
827 107 6
816 233 2
62 602 33
1042 399 41
151 552 46
608 1542 49
771 1480 29
1215 1208 7
303 541 45
18 307 46
1567 678 34
605 569 28
899 460 9
413 1052 41
1394 1590 6
808 1369 33
385 1078 4
1302 285 37
1423 126 40
334 752 37
902 256 10
1177 574 24
419 440 11
1446 171 22
874 479 32
566 463 48
1201 1140 18
841 1371 31
1485 638 1
1442 925 11
741 278 16
403 1462 40
1033 1321 20
657 61 18
193 398 24
354 1086 48
1150 1190 49
1498 327 31
277 889 49
380 1190 22
652 73 10
371 1010 14
955 1404 22
400 1066 16
827 422 29
680 873 46
203 709 29
82 1450 32
90 922 21
1213 589 33
602 1158 39
969 374 28
589 1568 45
900 403 35
852 686 13
50 1310 37
1120 1481 37
1403 1299 26
1505 1010 14
1544 707 6
22 496 21
47 26 36
1019 802 35
279 627 5
1149 749 11
815 446 29
209 380 3
1585 641 19
173 1103 29
299 1228 10
168 1340 47
590 248 47
1556 1479 48
965 1233 31
825 592 26
951 153 10
1412 770 49
324 1083 29
1239 1442 21
865 422 2
1255 549 32
898 196 19
219 717 30
1506 866 47
472 1591 17
476 1481 38
542 855 48
1175 996 28
555 973 19
1018 1423 22
1046 797 45
1258 280 33
1013 1070 11
1375 430 34
1091 914 43
585 1445 20
204 952 26
729 483 44
627 622 24
1429 293 38
497 563 42
1074 924 28
1318 200 44
1029 987 1
135 1449 44
682 1142 7
117 1437 25
1226 808 9
892 964 43
568 475 46
1499 1414 7
8 443 23
684 310 23
731 607 44
1425 1343 1
1501 507 18
941 407 22
1138 456 44
1352 1264 40
1221 1554 45
1167 611 20
1302 278 30
425 1382 10
94 775 13
1503 1238 42
1091 425 11
492 1229 7
99 377 26
752 985 25
991 508 3
1125 1599 39
553 69 6
967 593 42
1139 1268 30
1114 89 11
391 1209 21
1354 997 13
1451 1157 11
499 1238 26
978 90 26
697 104 27
753 883 40
654 1145 44
1091 474 43
636 347 44
1110 793 35
482 1209 49
1545 1258 32
1184 844 28
100 389 36
1488 1573 33
362 115 38
956 511 20
678 454 24
817 202 37
960 38 34
851 1097 15
710 1247 39
922 376 22
284 696 26
1093 167 42
755 343 41
1566 861 29
592 1481 10
200 194 1
1004 418 10
617 1336 45
1076 1128 48
1010 592 48
743 219 14
438 1061 25
1419 1337 19
479 996 43
307 198 9
1296 1138 37
279 1142 5
1482 550 19
17 1048 32
1370 557 25
319 390 43
701 665 10
1153 290 16
1143 97 7
648 1597 29
317 27 38
242 1119 17
1499 700 16
598 472 31
401 841 45
790 1168 6
670 762 39
1053 521 22
1570 1309 39
1315 1588 20
1351 1278 22
470 280 44
576 539 10
740 918 35
364 1385 13
1471 884 18
1053 1047 5
513 505 29
932 507 32
482 1380 20
1341 521 3
1259 1525 4
1459 402 32
436 675 25
247 291 41
374 963 8
1570 1352 46
113 404 21
407 1371 6
640 1091 24
311 941 30
463 1016 35
1566 1487 5
437 16 1
1227 1187 28
186 343 21
822 108 30
407 9 32
701 712 10
1131 440 44
510 1363 31
637 446 18
876 1575 9
1400 1556 21
348 1356 15
1130 114 20
959 200 49
422 828 44
568 1578 43
28 715 7
1205 1556 16
49 721 43
1215 1321 37
449 197 47
978 559 7
1438 356 41
1481 1086 4
829 938 10
1465 21 42
1484 163 15
330 272 12
947 548 45
298 1328 6
148 1242 42
1183 394 35
1569 1411 45
1022 1241 24
559 1437 19
1171 95 28
1408 842 25
1176 654 24
152 226 6
1260 93 34
514 1458 8
1279 1178 31
763 1068 37
66 93 14
560 1053 45
88 396 39
257 1422 22
1468 1032 48
1431 993 35
428 927 49
811 971 28
855 1485 33
725 965 10
957 48 40
397 243 39
1205 7 14
1241 572 34
77 615 24
816 1423 37
251 1070 40
966 593 15
1084 613 18
755 1026 7
1510 274 39
1230 921 29
86 173 24
1155 965 42
279 1234 15
750 1334 23
1575 366 13
39 817 47
1111 416 36
1260 1398 19
1224 1197 28
1088 1153 32
958 1312 42
24 847 15
1439 100 20
193 545 10
1091 1146 28
1032 1385 1
1242 913 14
1339 898 19
29 1111 39
83 510 25
537 46 41
403 313 19
1348 1310 47
277 1121 25
1322 872 3
1531 1204 21
969 1555 41
949 249 34
125 1464 37
469 349 47
5 1028 27
844 744 10
1536 269 10
1574 1330 22
810 136 21
782 1445 23
799 504 38
1132 515 12
1290 1028 42
1203 520 42
740 281 46
1045 6 15
811 1104 44
1598 197 48
39 16 10
600 662 42
321 1042 31
373 1406 41
289 1269 38
761 637 42
978 1009 37
1037 191 18
193 1590 31
1350 1193 13
1391 1521 2
548 557 2
1007 265 18
1073 1010 42
819 932 47
937 598 18
1059 1322 35
404 1077 19
591 299 12
577 842 11
384 950 4
1091 1295 36
1085 7 47
683 967 31
1006 1158 6
244 385 17
141 1112 7
1182 844 34
375 1272 8
1337 301 14
734 320 5
1031 1432 37
1156 978 6
1194 9 45
928 829 1
709 116 22
439 228 30
1214 1337 30
876 1166 48
927 387 21
82 803 17
1381 37 15
540 720 30
159 926 19
1379 57 14
383 167 4
9 44 45
945 473 43
1032 496 48
572 940 20
852 233 44
1430 836 48
338 1435 14
870 259 17
1279 527 25
348 1507 28
348 1366 33
776 1525 33
297 1293 34
764 1035 15
140 1272 38
273 717 20
1 818 38
594 991 29
74 1042 40
102 499 26
766 640 1
1317 177 1
847 801 16
547 1033 7
1020 1305 47
214 1344 15
463 1468 48
930 1400 15
1106 88 13
82 627 32
783 550 2
139 1119 24
559 693 9
1159 1591 29
326 880 37
805 845 5
538 1486 8
870 482 7
1242 258 28
190 154 33
1395 1130 34
403 1530 15
1240 891 7
52 382 39
1594 902 32
1037 1527 38
1581 1538 27
595 317 18
1280 1555 27
715 564 18
520 424 30
806 266 6
1462 899 37
565 1491 23
1001 198 21
1372 1079 2
735 802 44
1441 645 24
1036 538 45
1227 1303 18
782 539 13
1139 1552 35
539 288 32
221 1423 6
886 1277 34
177 1360 2
1416 769 30
585 1226 35
1308 224 14
1091 42 32
1025 1507 24
1318 1325 45
232 495 44
93 595 30
985 1203 38
1459 1246 7
593 1193 1
235 1138 27
422 719 25
326 647 44
208 823 9
757 1538 21
680 1397 21
886 872 43
1412 1375 25
788 7 18
1552 1188 42
470 845 19
421 820 20
601 783 26
1493 692 18
128 974 47
362 553 7
1209 354 38
1530 1489 40
777 786 19
1029 1065 46
297 1370 19
776 773 14
383 1163 26
1035 100 49
572 1295 41
1079 1145 26
1279 1283 11
739 209 39
1234 266 48
255 72 40
639 546 11
392 433 9
1406 1118 12
934 751 25
78 1457 1
1333 1497 27
1121 563 3
295 1049 2
130 1457 12
975 1283 26
860 585 12
1085 1067 9
1195 235 18
423 870 24
755 185 11
1335 270 5
1167 561 40
865 1283 28
1561 7 31
985 825 17
1284 1303 21
327 804 1
166 914 11
1456 651 18
1393 1366 21
1472 1260 5
302 232 48
137 848 18
536 990 12
641 1519 43
284 1092 48
1277 643 28
881 217 17
1444 286 23
1567 1189 3
901 858 48
395 1042 45
1532 681 19
763 5 36
236 468 6
721 663 1
1025 1415 5
989 1362 3
1097 464 41
775 440 2
178 1410 22
1187 81 33
255 808 17
777 1474 25
1022 104 18
404 998 41
1020 60 41
1344 1185 22
15 295 40
538 130 20
1575 1201 44
943 1186 46
1444 682 37
96 1067 37
356 481 40
1541 1000 6
1300 957 43
823 542 14
22 148 29
1298 260 25
30 591 16
489 637 15
1449 438 14
471 598 45
1094 689 23
1152 1314 9
559 759 35
1201 1378 19
1282 353 3
840 1159 13
1322 262 15
435 753 47
1379 1101 25
590 280 2
436 226 41
1129 674 15
1235 690 6
1191 1135 20
1567 1281 31
1272 409 2
355 839 49
897 154 8
322 440 21
3 555 39
25 1364 38
1498 154 34
1423 613 41
285 657 15
708 1135 23
503 828 46
328 689 28
154 787 42
154 472 28
1467 926 43
553 1137 1
609 66 39
108 67 3
283 971 10
967 1574 21
1191 508 40
96 762 33
966 1406 28
369 1004 30
1153 1160 34
1362 1592 38
17 817 7
1257 285 23
666 189 37
478 154 25
1563 1102 12
1422 951 27
70 742 7
899 875 6
765 163 18
1043 667 20
1452 952 40
1373 1587 37
1003 1450 42
735 578 3
1386 1232 33
