2000 5000
1139 1496 7
1922 525 45
84 1125 33
1396 1818 45
1663 630 23
320 1512 35
1185 1481 8
161 209 39
803 650 36
390 1776 42
222 415 46
1435 1825 36
164 1532 34
1105 1957 9
280 1938 47
1645 420 33
389 427 20
358 902 26
917 392 28
1584 1056 43
255 1605 47
1061 965 30
1452 1945 20
1031 21 16
1819 1922 27
1479 704 4
1393 1208 49
384 342 43
712 1976 48
9 632 15
1863 112 38
1231 140 10
828 239 13
1743 1239 16
45 502 48
613 1587 6
1740 1681 43
312 427 24
1930 1455 16
1270 656 14
929 772 8
1666 161 42
970 453 48
5 547 13
1060 1949 8
185 541 34
1545 563 20
406 1337 3
495 124 33
994 1699 42
707 1149 9
1131 495 22
735 385 29
1189 1159 39
1196 915 43
1317 1795 37
327 1109 1
940 693 46
1035 1829 6
374 103 25
1574 1518 10
1 288 38
948 381 47
725 504 16
160 917 8
1091 347 13
1822 1173 23
968 1546 6
1147 1739 1
1031 856 13
1418 414 18
1936 512 44
1882 953 24
1264 972 12
864 557 21
1958 317 15
195 723 23
1582 1378 28
1094 487 37
1137 1004 34
1836 317 23
607 180 37
1470 1234 24
1440 153 31
514 77 47
1499 682 4
1970 1233 2
1290 1098 41
1391 882 31
1529 1871 48
1846 1609 1
1432 691 26
1469 55 37
1522 1382 32
30 1918 15
1636 537 19
284 982 49
93 1539 16
1228 695 13
1257 852 6
1705 1174 35
1664 1953 1
1311 672 18
1906 1673 21
235 1037 33
476 576 10
1907 1538 9
1096 879 20
69 1025 11
870 10 6
1540 1673 16
110 416 18
1864 911 42
841 1200 37
642 1347 17
1046 1075 41
580 1828 27
324 1292 17
881 27 22
1056 1778 34
937 1081 44
27 88 19
1997 1016 17
1896 1700 32
1424 1974 15
1298 958 4
156 1541 7
377 59 35
1420 745 46
164 843 11
736 24 31
1102 876 31
1554 1064 31
773 133 24
1887 1038 11
226 1198 21
942 1082 36
1875 900 13
12 1182 49
30 1271 37
1054 445 36
59 1578 42
874 802 36
1616 228 5
1907 688 29
1833 771 19
1110 1823 7
49 1578 26
1503 427 9
1632 1755 17
1227 131 7
1824 1860 7
175 172 35
675 737 41
1518 765 34
1856 1981 40
1095 1124 28
944 1380 5
502 1900 1
1200 1896 12
1650 1261 36
823 1785 21
1899 441 7
601 1642 12
1086 616 22
1009 1101 38
1311 1577 38
350 996 29
197 1374 6
937 470 30
311 1847 12
257 84 9
1145 521 45
1661 1949 14
1286 1411 10
794 1667 43
1083 226 48
260 952 24
1758 1674 23
451 1471 14
897 1517 20
1920 354 29
791 1298 33
765 1493 19
1804 1611 24
1895 272 11
514 612 49
71 187 47
1615 1131 16
1795 1669 13
920 1897 43
1817 901 8
640 1776 10
260 953 22
970 1208 40
1088 874 17
1255 1210 28
461 406 37
159 1691 30
765 139 1
128 380 17
51 545 35
1368 263 48
746 304 12
1878 492 24
1955 1939 30
894 1434 16
278 1206 4
749 619 44
679 509 10
1287 1153 43
862 780 27
677 253 34
826 747 12
22 289 30
1403 69 24
570 537 22
1610 1672 35
1056 835 23
218 1313 2
1860 494 40
969 93 41
840 283 34
1953 540 30
1758 1334 49
1917 617 23
223 1474 30
1918 1174 36
724 476 45
185 674 6
400 200 1
1056 1251 48
376 1720 34
1931 41 6
1626 1519 11
1592 1126 21
1457 1627 7
1873 63 1
482 605 38
1080 101 30
1084 1182 33
1614 618 24
1785 148 21
395 1640 27
72 1220 16
225 1721 41
255 131 8
466 901 1
1683 1937 48
367 917 36
410 168 37
1961 1735 41
200 188 49
992 593 49
708 1523 25
1233 880 38
1696 840 4
1790 1336 16
940 1777 14
519 1893 2
674 1863 23
330 914 38
1798 1296 4
1787 1573 35
1506 522 36
83 1177 22
1092 1589 15
1937 687 33
1747 1319 39
1020 1613 2
246 665 14
1164 670 36
1894 1978 18
668 157 25
137 736 31
502 1466 36
632 1425 3
1314 1598 18
1177 978 18
964 1086 29
1665 150 24
215 1837 32
1281 1316 32
460 32 42
1247 46 8
1244 1865 37
32 410 11
985 942 43
1856 1275 5
1863 893 7
1790 1827 26
1550 802 19
753 586 18
1282 901 44
724 1988 5
1839 262 47
768 724 31
781 604 15
1499 385 20
857 452 20
1421 1808 10
1525 203 27
1770 216 28
821 840 32
841 1811 10
1288 1766 40
1511 208 32
1652 768 10
673 767 26
1060 1174 4
1397 1075 17
1073 1059 39
1222 949 10
1093 184 25
1719 1811 33
513 1439 11
913 256 17
64 1524 9
1951 1397 13
1173 1871 15
924 1037 47
158 1571 46
1406 1636 13
863 871 33
1794 1033 21
1346 711 20
1366 1520 4
1805 1615 38
1391 1974 35
904 207 13
1264 665 36
1192 45 13
493 652 16
1170 1736 31
1252 1485 15
574 245 13
97 240 33
1592 1921 16
250 655 21
1004 1125 37
98 1556 47
1941 1434 21
1493 1555 9
1311 1332 11
337 1857 25
1024 562 2
1473 1126 35
1309 143 39
1636 1858 4
329 564 3
179 1939 45
569 60 39
1531 1156 8
377 740 25
232 1996 30
721 1671 46
532 1272 8
659 1977 12
1133 1344 32
42 1323 5
1088 851 25
476 1371 25
1125 533 39
956 271 47
1185 752 22
744 1428 10
1902 1205 21
410 313 18
47 182 5
1263 1636 43
556 1473 8
512 1555 46
1508 1693 25
1250 1357 17
1767 863 27
1099 790 19
1885 67 15
588 478 14
769 495 43
1804 103 36
708 964 45
840 1696 35
1234 946 29
433 1451 6
1320 878 44
973 1487 14
273 1874 24
597 1646 14
310 348 34
170 1332 13
442 1416 9
1710 1658 24
1088 1437 28
1489 906 5
1126 1916 19
1530 1884 49
473 485 37
92 410 7
1886 1549 3
614 1087 36
592 256 8
1798 1669 48
1378 793 10
1495 256 3
1304 1194 43
457 234 13
55 1614 10
1596 773 2
1778 648 45
229 1490 5
1092 1875 32
1351 1165 16
1808 634 47
552 1329 4
1163 1925 4
1668 1512 2
1909 1532 40
1875 1711 24
382 1439 46
95 1921 2
1566 1467 18
621 1317 16
359 972 13
1962 1319 28
740 167 18
696 903 42
1453 77 30
343 1856 41
1915 396 20
1509 1787 19
1590 887 35
744 424 31
1903 811 38
87 702 31
1176 1389 11
1503 1183 11
1845 1352 27
1820 784 38
1042 479 5
1995 85 24
1556 1917 29
102 538 31
1063 15 19
158 823 8
590 1276 39
1589 594 12
1378 586 36
1790 810 47
1498 1872 24
1055 648 36
1240 1740 3
378 1750 7
98 1067 9
691 1622 8
1786 1998 35
952 780 33
1480 1440 42
1489 149 39
192 815 43
1994 368 33
1899 803 39
610 852 2
1335 9 44
1570 753 1
1366 381 25
956 1952 7
1652 1479 30
1393 1051 9
1638 1026 19
445 1572 33
647 1500 12
874 517 4
521 1874 15
7 275 30
395 54 7
757 1613 39
1257 271 24
1391 781 14
426 1989 6
1391 1156 48
298 284 32
90 1141 19
608 1007 18
20 803 5
270 630 49
9 501 3
1694 1710 43
660 1824 15
648 803 32
716 1901 5
318 1283 12
758 375 34
371 1021 33
1068 1213 40
726 1223 21
1329 1213 19
1443 113 29
1309 1752 33
1678 1684 1
389 791 21
95 1170 38
586 1706 43
1048 1916 19
705 205 3
1966 1395 12
342 32 44
652 12 13
7 1037 43
588 1396 14
1685 1603 24
777 1107 41
1339 899 38
63 122 31
1929 340 42
1696 652 21
617 924 39
76 179 11
904 1648 43
1064 765 21
1006 296 2
100 1474 27
1036 1222 14
122 315 45
10 1824 37
438 1441 29
296 1077 46
1351 635 29
1549 958 23
1363 72 15
1700 1142 41
335 705 12
87 741 30
1416 899 7
1823 352 41
1517 1631 12
178 1574 15
1171 944 49
1987 275 24
1176 1693 8
1059 1093 28
1660 456 2
869 98 9
649 1404 7
1983 959 1
1176 1664 11
388 30 25
1864 351 45
255 141 46
448 1664 46
1551 1432 43
978 367 20
505 1630 1
571 1915 46
424 1486 37
1549 1756 13
1596 101 19
1910 973 4
946 1595 17
816 1283 10
75 964 44
21 1259 20
288 1329 33
1831 877 38
187 1409 17
1977 1122 47
11 1505 29
917 1650 18
252 1750 14
630 1119 17
1310 261 39
1214 1040 20
1407 1308 45
1246 1075 48
1379 1211 18
65 1116 25
9 1299 46
192 1000 49
1138 593 43
556 608 21
874 527 40
468 292 40
1194 708 1
843 901 23
1810 1040 11
1764 532 8
1113 1440 13
451 522 5
338 35 9
1613 1916 29
1590 1130 25
1664 765 26
1916 300 3
326 307 2
720 888 42
712 1076 8
832 1393 39
1281 623 31
147 710 14
563 1807 22
362 857 18
693 697 47
1525 1228 36
1576 50 46
128 1522 3
606 932 7
1546 1189 49
1816 598 22
1553 1746 42
718 1381 2
1674 215 22
1692 1166 42
1702 443 27
681 1800 5
321 339 32
1830 237 44
1208 735 35
1769 34 39
1632 499 39
451 108 46
1989 771 28
403 651 49
1506 1851 46
316 172 15
764 1562 10
90 1928 45
552 1498 32
1587 691 15
1621 1985 49
1463 216 30
684 694 20
921 292 41
104 557 22
327 36 3
1789 238 6
1561 1259 39
1481 1791 39
1113 1279 47
1759 33 10
121 1114 24
1898 185 20
720 717 38
1027 265 4
1696 627 36
1225 1875 6
446 1353 7
816 543 36
1675 1686 46
210 250 36
766 1863 46
1731 1003 6
1079 123 37
562 1153 45
1500 182 45
172 1677 47
1497 139 8
996 1656 13
283 269 16
490 38 5
1071 1146 22
445 1060 44
333 1159 3
1494 1342 45
463 1161 29
322 17 3
1144 1673 33
294 1790 26
1938 1307 44
1061 1154 49
1895 52 20
269 169 40
671 521 37
926 584 17
1334 1521 34
1181 122 36
581 595 38
781 1310 5
34 101 49
338 1499 6
79 1700 47
1257 289 12
727 1323 4
640 1788 46
882 1705 25
1026 702 39
1894 155 23
474 1454 47
752 47 9
1707 1022 7
986 338 4
315 112 5
691 19 39
1448 337 47
767 84 42
1227 1293 8
813 1950 22
147 1899 29
793 1128 24
1263 1732 40
1245 508 28
606 88 26
1847 122 27
1818 1986 23
1666 347 44
1967 1554 20
1765 1811 7
1722 579 14
336 789 31
1147 1842 21
1297 719 21
1114 1927 32
1533 1211 15
303 1115 48
658 244 10
83 1249 22
18 177 6
1651 1594 7
1010 707 2
29 1325 48
1808 588 39
634 431 34
1135 1809 31
474 1136 38
457 801 30
1092 749 19
1286 1307 10
1151 341 18
945 1384 30
786 800 23
1241 868 31
1061 331 40
596 972 5
262 750 23
277 1315 13
1129 733 40
530 441 15
1415 1259 43
681 1043 39
1130 358 2
73 227 35
1769 117 7
930 1021 8
545 1903 21
1045 1231 23
202 109 20
1843 1554 44
1583 806 22
691 1811 18
1481 346 1
252 1110 33
481 1117 11
1264 1217 13
1393 1627 3
441 45 48
1749 351 30
636 1355 2
1221 1801 23
1180 1842 46
609 1642 13
1303 935 48
897 1440 15
1353 290 47
1528 1088 43
82 1247 35
332 361 34
1813 736 9
298 1227 15
470 1168 8
1130 1930 8
1264 662 3
1364 1641 43
1636 1617 3
1380 1524 11
1752 690 49
1465 585 27
629 820 13
1737 1194 46
1303 1623 13
1238 75 38
1142 609 28
556 1492 24
612 1341 38
210 494 45
32 1727 27
1226 1444 15
1822 1866 23
1595 1898 15
1855 810 18
379 1230 46
500 983 48
643 1015 27
182 1875 10
377 108 8
1797 805 15
237 368 34
1254 1340 22
1972 1241 19
539 897 25
1614 183 7
1005 594 16
1769 233 10
548 1553 34
831 260 39
711 736 15
1331 307 48
1713 1298 30
1903 691 30
384 700 42
134 1659 33
1423 643 49
1506 1419 18
1115 1938 2
417 589 1
524 851 2
1793 707 48
1931 1458 41
75 1231 29
1250 1491 31
218 1416 43
845 1475 24
1283 1981 49
1778 1411 38
1938 824 17
1886 1733 14
1185 1933 45
299 693 35
1741 537 5
186 123 49
485 1588 44
1820 623 29
651 387 4
391 791 40
375 284 39
185 1194 4
1633 1298 10
987 828 19
1620 1656 40
1289 1688 12
698 1784 16
1590 1765 44
1556 24 4
1677 207 16
1461 1547 4
477 1488 32
33 491 12
1974 1066 35
380 1914 37
930 601 3
1208 881 8
176 899 14
788 338 15
1194 1770 15
1638 113 20
81 968 19
576 1609 40
1754 1937 28
1254 954 33
927 1391 21
1763 1143 38
863 255 6
40 1474 47
91 442 44
876 57 46
1775 965 4
1797 176 25
518 910 46
759 362 10
1496 633 35
804 1771 18
903 1628 37
782 946 38
870 85 31
678 1420 11
471 137 1
226 286 21
1242 829 47
106 1732 18
1653 751 45
931 724 18
1180 1987 37
1934 168 32
856 149 32
534 62 2
1852 879 26
899 1517 37
19 1926 21
1306 494 48
1563 376 47
487 1822 18
1390 244 38
1434 1036 2
607 216 49
377 1361 37
269 297 31
646 51 39
381 1622 21
1857 159 8
1879 1233 48
358 206 7
1790 53 11
1874 136 11
511 396 47
876 183 1
1956 1228 20
1312 1676 21
1531 1092 15
1571 742 26
1107 79 7
1476 997 28
721 1049 19
716 92 8
219 200 32
1768 750 34
16 1284 25
815 1102 24
55 1088 13
691 1180 16
572 1720 28
1674 174 3
1732 999 13
1973 136 26
902 852 33
464 1897 41
541 1519 40
1317 1910 5
1647 259 5
878 1558 19
1558 1623 15
947 1248 6
571 289 16
98 964 1
316 1056 42
100 1462 24
88 663 8
245 1273 17
1820 346 40
944 861 1
1153 688 36
1434 1084 8
82 618 3
1228 1063 26
612 997 29
691 467 12
1252 1825 29
873 1314 28
499 610 45
1879 1978 13
391 1639 17
1778 1867 6
256 604 46
533 204 49
293 1906 28
240 1980 24
1111 228 24
829 68 2
888 1584 39
1921 1605 8
103 1496 28
366 1592 46
236 1648 31
405 1179 49
963 1657 39
368 238 28
1875 1986 11
1112 1080 44
1300 1811 26
593 1177 33
706 11 20
1593 334 28
1946 485 30
431 1673 14
513 1034 29
701 1969 44
1958 1376 49
1663 629 25
713 196 6
690 694 30
569 115 22
1578 1837 19
1975 140 22
1961 1842 24
188 301 27
804 994 32
1922 860 19
1581 954 35
485 1633 34
435 1961 19
568 780 17
1273 1187 37
1786 1629 33
341 190 46
994 1705 8
872 1329 16
611 661 29
1134 1649 37
1206 510 22
777 632 24
1588 557 46
477 855 8
1548 1909 33
1531 1830 27
1410 1135 12
1420 747 23
1291 1845 15
912 86 3
325 1134 43
730 723 4
605 1579 48
1913 462 1
1188 1192 4
336 1193 41
558 836 27
162 1963 35
61 1851 40
1675 1820 23
1810 1831 29
1035 922 34
817 589 33
1656 597 32
760 1684 20
1742 1940 15
1746 819 41
1204 853 26
536 1798 3
1903 412 4
233 758 42
42 769 39
369 690 27
793 1440 23
57 1298 43
497 423 45
930 1918 19
1969 1647 5
384 682 12
1013 1906 40
191 1046 6
399 337 8
1833 1970 19
1830 1953 47
475 695 23
865 10 20
841 1959 34
1432 1294 40
1241 1260 49
913 1220 23
1757 1199 30
233 1403 19
1211 733 20
769 1288 11
619 1641 44
1652 590 46
1843 34 30
489 862 40
1923 1460 13
62 1292 39
545 1638 8
1310 47 48
1362 964 4
57 99 11
1243 1446 45
1077 120 1
768 25 20
467 1748 48
575 1686 39
1771 176 40
1941 1452 6
563 71 4
1179 512 16
936 377 45
1754 1073 39
372 248 23
1390 167 7
220 1268 10
1145 484 39
1674 286 35
157 1651 33
1736 145 39
261 1593 5
1087 905 26
1141 1479 44
632 1155 6
951 405 46
1531 845 38
365 885 26
1281 1276 39
1756 58 6
1913 847 7
1803 857 46
1966 382 7
289 1486 31
1417 1789 45
1475 65 38
1458 1811 19
1207 686 26
1414 854 43
41 84 25
1305 319 18
154 568 6
1238 59 10
57 1306 25
1423 1272 4
35 489 25
895 172 26
1647 91 3
91 1825 17
130 934 26
92 661 36
841 940 8
1889 1662 27
1843 33 32
1592 700 28
1297 811 21
999 1665 22
320 834 15
540 446 32
601 296 24
525 1645 42
1615 1376 28
1111 359 33
547 1496 37
576 1852 17
224 1823 49
1961 1443 43
788 1614 5
1328 1026 15
1253 441 12
249 973 5
1516 50 4
483 75 47
1525 1270 33
950 1127 40
277 312 49
670 1081 16
909 247 33
963 1835 12
5 395 42
836 961 32
372 947 11
712 1131 32
1417 1663 21
0 506 17
1982 646 14
500 1456 4
138 639 2
841 1514 7
108 1209 32
266 929 10
1367 1162 3
1349 38 20
1706 1377 33
1188 441 16
1396 1570 39
1064 614 39
1827 1321 30
1943 1379 19
544 395 35
419 493 11
1027 766 21
1352 1313 44
576 646 21
646 1256 44
546 636 40
1585 634 24
1920 1388 45
456 917 24
954 163 1
1664 99 29
388 786 11
1973 1340 14
1477 1488 41
1572 728 34
1600 1494 22
461 651 37
778 1151 28
220 544 38
1161 620 42
293 391 22
283 414 41
770 983 23
38 241 14
889 1473 11
79 758 33
1708 639 46
893 363 48
601 510 15
1043 1028 34
726 1420 7
77 333 23
657 421 18
1294 942 22
1271 256 22
1648 157 15
546 133 19
1419 1911 42
81 844 10
769 1939 33
999 569 42
517 96 43
1382 694 11
1293 258 39
1145 967 24
1475 1327 29
944 505 3
833 1927 6
661 595 19
1105 1926 37
309 461 7
389 48 34
446 550 36
996 1434 5
183 351 25
1290 464 37
1811 1150 21
1672 484 47
1727 545 14
1510 679 1
1779 1534 10
759 1660 47
1484 726 6
1115 1670 19
992 1472 12
836 498 40
526 1058 38
1699 904 1
297 1045 38
309 178 47
1200 1158 31
1549 1442 37
992 331 46
756 388 35
661 242 11
320 248 27
493 1291 24
1326 848 38
545 1994 18
1570 851 33
1456 408 31
1607 24 28
274 1494 8
1041 179 30
2 1299 40
1950 1707 37
1505 1451 29
1697 1870 31
976 1513 1
1652 273 6
1590 445 1
1936 1785 45
983 969 22
794 565 3
1477 820 23
135 1959 37
527 803 34
27 555 14
53 463 36
1042 1763 30
927 763 4
327 194 42
1616 1848 1
65 1489 38
1509 1733 26
371 1198 43
1034 954 28
313 89 37
1200 655 4
253 1916 11
54 311 6
1882 1228 40
310 1392 4
174 435 39
496 1895 10
885 878 40
1791 1574 28
980 1645 22
1815 20 33
358 1415 21
1299 600 17
1083 1267 4
1743 1646 47
1866 1171 17
1597 262 48
144 1092 13
493 312 22
6 478 34
1516 470 35
1647 946 24
809 1012 47
1912 1926 45
1341 970 15
1090 335 14
1364 986 47
1421 1338 14
1268 255 26
1587 421 23
1567 915 49
1812 61 23
58 1671 7
1874 28 34
258 700 26
1793 295 1
742 1171 49
259 1122 3
375 1734 49
1492 218 17
1258 1535 35
1416 1001 30
1344 1013 10
1125 40 46
224 1108 9
1575 1856 19
594 1554 20
1136 1863 28
1192 1313 9
499 209 11
1558 1967 46
440 1896 17
1803 164 41
1123 795 16
1671 1987 32
179 368 34
618 934 22
1828 1312 3
1040 1231 22
1296 1955 43
1118 476 7
852 766 30
1078 436 38
317 522 14
209 247 39
916 648 44
935 1580 32
1153 1094 2
1749 1860 26
89 1222 41
1257 1467 27
129 1238 23
290 966 11
924 1892 24
1659 505 40
1961 246 10
1195 728 21
1517 283 21
1835 816 38
1524 371 32
1332 1674 2
978 872 49
451 85 12
479 11 18
153 324 13
1858 957 13
1200 1751 19
265 472 7
368 1816 2
817 1981 45
639 986 15
928 1599 39
1588 1653 36
1242 1228 38
1592 686 6
1380 1200 22
467 1143 3
925 1731 21
290 1514 11
547 330 7
862 464 14
1801 275 5
1236 1330 13
202 1367 34
1266 1897 46
1256 141 15
1958 517 12
1039 519 4
418 1820 45
436 1758 44
1834 939 1
232 1538 13
447 361 42
271 528 9
1947 1353 46
465 352 13
1927 483 24
1904 469 38
327 1098 9
1397 406 7
831 1069 36
1364 249 30
1578 1385 40
992 878 12
618 1657 15
1463 1479 34
232 1658 32
516 924 8
1421 281 40
253 108 17
1799 1879 6
1044 1111 23
215 1920 35
0 79 16
675 774 7
1267 82 28
1600 875 45
1554 1964 46
609 1288 3
477 1509 6
1809 422 1
103 1057 43
1256 624 47
136 20 19
902 1753 39
17 1643 13
1034 1157 47
1776 1184 35
1461 634 17
592 790 42
1414 1182 6
1014 835 34
486 498 14
504 425 36
1928 1732 38
1047 315 36
847 1340 9
1100 1564 35
1892 695 2
1697 1542 28
958 404 39
1939 122 43
1498 1822 9
944 779 26
1317 1394 45
639 1549 2
1284 907 1
807 143 30
1352 1850 16
158 617 32
1354 529 16
1664 1546 14
1559 573 16
1133 1249 8
564 426 5
1241 518 10
1584 1341 10
899 307 18
793 373 5
979 478 39
663 472 35
1718 1358 9
694 1226 26
1735 1103 42
360 791 5
932 789 11
237 1666 12
1679 1597 14
827 65 32
1575 1810 36
743 1675 4
1636 747 47
141 94 14
1359 825 25
1191 45 40
583 224 12
838 1601 3
1552 1033 19
189 1513 3
5 494 40
873 1921 44
787 1108 17
1867 171 43
993 760 40
799 1670 4
1956 1224 10
1305 202 4
1525 923 10
1585 1670 47
626 332 30
1778 1799 39
1263 350 4
1510 1511 41
1404 999 31
710 304 19
196 827 38
245 1131 39
1292 1029 17
1680 1913 12
1370 1756 26
874 881 41
351 1282 10
43 1565 8
408 423 41
1939 682 40
948 1311 24
790 1223 44
230 1242 9
203 285 10
749 185 10
24 499 31
936 1550 36
1098 1087 46
25 558 8
619 820 49
1813 1177 31
726 1318 1
1373 992 8
1206 1874 25
919 170 3
1400 1343 5
1595 1622 10
630 1344 9
1134 1974 3
1540 1973 20
1936 876 21
1282 1364 2
130 1656 37
1424 425 28
1560 1485 44
1561 1889 34
1653 264 18
476 1379 7
51 587 13
1959 624 29
843 981 18
1690 386 49
1857 951 2
1219 1851 49
1831 1840 7
1616 1705 34
81 320 16
1511 240 44
489 609 42
1815 214 27
1946 437 43
748 1395 43
540 845 31
953 1450 34
1600 939 31
1261 927 5
1725 235 20
209 1019 31
1838 1493 31
1276 514 2
36 480 19
1179 1309 18
1978 183 45
1644 655 48
1529 1859 37
747 1214 31
1201 67 39
936 314 26
1463 608 5
132 1812 20
1984 1408 16
930 844 36
1860 1394 38
1802 554 29
331 1566 25
1516 1850 23
935 1538 11
310 818 38
1846 631 23
145 242 40
194 805 11
1449 1571 30
124 111 11
1124 466 9
64 1922 4
167 1617 40
26 49 40
202 1306 32
1596 1939 30
642 770 14
112 1378 29
307 1767 8
1867 863 9
1316 1619 19
250 1634 27
844 675 42
1540 261 12
1268 784 35
1082 642 10
1617 132 28
1561 1081 10
514 1412 21
209 1497 8
1603 906 32
1621 1389 43
982 1687 31
1095 455 43
244 431 19
1622 428 40
190 686 1
1499 239 8
1531 588 29
1042 1241 23
1810 247 37
1963 982 35
132 756 42
1373 870 41
821 213 17
1811 517 7
433 781 16
1438 595 43
1484 429 39
866 52 34
1368 1373 26
159 1792 7
1406 443 1
840 947 22
54 1471 12
176 1116 3
1844 1199 11
96 1125 17
1421 1819 27
1556 1460 26
1638 1484 33
904 1866 7
56 1509 29
1279 443 3
297 591 38
1880 1622 41
794 1728 24
1490 405 2
993 898 43
715 694 9
382 1264 9
1150 347 24
1027 542 26
1849 930 32
1565 578 33
1361 1789 23
1692 269 13
1585 330 2
1855 1068 12
723 1344 35
1567 255 35
1060 1005 10
1707 75 21
74 1175 6
1493 1946 15
1315 97 16
555 1167 14
627 199 44
1068 1048 48
1647 1249 40
811 225 9
1933 1164 45
1337 223 14
1968 1930 27
198 1852 28
1571 912 22
1407 261 36
106 1569 40
1901 1726 19
600 802 13
1390 1560 15
362 1731 35
1355 1372 28
1780 4 37
1157 1602 10
1659 684 25
1049 1847 36
602 541 5
298 1060 42
590 1219 22
68 1852 43
1570 522 7
458 409 5
931 1468 20
433 707 40
875 1505 34
504 1754 43
283 297 28
1523 1391 17
891 87 22
1852 751 33
1463 1504 14
1868 1768 13
401 1223 12
1745 33 7
1622 964 41
1020 164 31
1000 716 38
681 482 47
459 870 39
452 765 48
1010 1599 49
1978 239 15
109 638 39
243 62 11
1501 813 1
480 189 42
1230 222 8
938 1786 31
703 1723 33
330 1023 49
944 1427 2
1944 397 4
1199 1722 34
951 1617 36
1069 625 15
604 291 18
980 1839 9
1802 1054 28
787 226 32
282 886 16
888 509 36
952 1270 28
1368 274 44
270 873 6
345 529 45
1360 640 19
267 1398 28
1159 635 18
338 61 30
863 257 45
1661 1933 10
1659 1176 8
800 1362 44
1395 1521 7
1549 518 28
1718 274 20
1538 631 37
155 1368 43
90 547 13
29 1648 19
40 1914 23
67 1082 40
177 1460 21
1134 1618 12
847 1683 3
1186 1636 32
1316 848 13
495 469 48
811 949 1
1097 1540 44
876 703 28
1713 1755 2
661 962 38
1771 109 22
552 273 5
1171 750 21
732 623 4
186 55 24
1331 1583 14
1850 1660 25
1233 782 29
929 187 24
605 1568 39
1826 817 29
1553 1736 27
489 1841 22
186 956 32
750 1093 19
1633 647 32
1553 19 2
206 1175 22
1953 16 25
672 1762 45
351 271 43
1207 1034 19
53 1925 8
610 1897 17
238 1582 15
352 493 37
639 1817 46
402 243 10
251 1131 19
63 1252 47
591 1191 48
1984 1649 4
1354 52 48
746 1379 4
722 1185 11
1103 1801 46
112 801 30
307 377 33
8 1833 49
1870 894 39
264 1755 22
1099 1101 9
1450 22 21
925 262 9
35 419 18
1409 1597 42
737 1985 38
1404 11 32
1586 664 32
771 867 48
896 722 16
1543 1846 17
154 821 33
131 1218 16
719 1544 38
668 265 1
1232 1101 27
433 1818 41
173 1777 31
503 932 31
1159 13 5
908 553 23
1749 1259 38
355 960 25
1942 127 44
1660 1812 28
1583 1330 12
174 1655 41
1603 1035 47
571 1933 38
849 1537 47
297 1286 4
808 414 5
717 605 30
1188 1616 9
1624 411 42
1025 1230 31
1954 1142 3
135 900 31
628 645 13
1286 1126 19
1323 1049 24
1896 472 2
562 1670 36
1143 1717 3
1718 459 14
1080 718 3
1619 221 42
236 1450 9
1172 1924 44
1146 474 41
1994 54 13
961 1855 1
477 1549 33
1933 18 43
646 1623 12
1006 139 30
677 942 15
286 1756 34
251 1842 40
1982 1101 1
283 1 2
987 736 41
1453 151 47
24 1814 30
293 817 3
1756 1027 10
609 235 33
38 468 17
566 1288 15
1779 849 42
1027 907 41
61 182 26
1886 146 37
1927 1652 11
1543 1439 49
1263 886 35
136 1163 30
927 93 24
1127 1194 37
1595 659 5
301 346 20
68 933 30
1630 1364 44
1040 1613 47
1890 593 5
177 1296 37
1054 373 33
1262 345 34
259 921 35
330 994 17
382 316 2
197 1224 40
1857 170 3
1088 918 28
1765 702 31
1496 1428 12
305 476 6
1070 810 18
182 1984 6
790 1030 36
657 1758 38
1226 1715 48
1042 1258 25
843 903 19
1572 325 47
1482 378 48
560 1946 21
1645 1593 37
264 765 25
693 1237 42
604 472 21
773 716 49
1057 909 48
673 325 30
612 340 40
700 395 42
1393 1183 36
1680 522 19
668 286 15
1409 777 44
1981 441 12
1407 703 49
1798 1037 10
277 1314 36
710 1633 5
304 574 8
442 1453 40
1190 1237 39
1305 249 18
107 1250 23
1165 217 45
394 1038 17
953 1786 13
1614 1394 25
388 1054 7
1226 1646 42
1102 966 1
1043 898 24
1425 188 10
408 883 6
490 568 44
1540 1479 44
1034 775 38
1712 963 29
1627 1196 46
561 1441 26
1029 961 7
1945 1647 39
1649 517 21
436 1937 30
165 944 30
822 326 28
261 475 48
1286 289 41
1995 1803 3
1329 519 39
1062 1890 6
664 1632 5
1610 1981 1
337 61 47
177 1945 37
735 1873 46
1270 1833 33
1423 431 22
1237 22 48
1862 66 11
1256 992 25
220 1790 40
411 1601 1
1443 1307 11
796 696 28
1040 937 36
1386 269 21
1200 839 38
1920 1324 32
1405 208 39
891 1433 41
1281 240 24
1625 1850 27
1453 294 27
1036 918 13
1497 60 21
155 808 44
1429 1621 31
78 452 6
1255 614 20
345 944 1
1408 634 11
1590 1034 8
1386 1371 42
1372 732 43
131 1740 33
1700 1989 35
126 834 39
422 1142 30
1395 682 2
1093 1614 33
1895 1557 4
1910 1962 4
215 1571 21
432 1695 22
269 503 25
1506 465 49
55 941 46
520 1757 9
1404 657 30
1589 1891 22
1208 598 12
1185 863 9
1159 1693 33
763 679 29
1203 338 24
304 227 3
1401 1965 4
510 532 9
704 1027 42
64 1221 25
1164 30 24
482 91 22
1501 1004 39
1177 249 14
1715 964 30
998 1425 20
1434 640 15
1985 1311 37
1936 1073 45
232 745 35
1625 77 48
387 521 10
116 327 39
616 625 22
738 214 40
1734 326 12
1135 1677 8
156 243 30
287 957 41
706 166 18
1383 656 12
1792 354 44
616 324 25
635 504 18
1723 1298 14
1988 1243 13
920 361 22
1555 1419 20
1529 1958 25
423 431 25
109 230 14
1450 1883 40
334 1302 44
1443 207 33
1965 1515 21
651 609 19
1209 1264 31
1755 1878 6
1852 725 25
1744 1894 16
170 136 14
411 806 1
935 1606 11
1972 1032 23
430 611 43
1019 446 18
1188 1318 3
784 25 45
401 1623 12
1932 249 37
1451 1509 33
1214 1070 45
1273 1749 47
1769 555 48
1141 70 7
550 534 14
1415 1003 26
185 567 4
1116 1890 19
1971 1387 27
1435 1227 19
1064 1450 30
1370 171 40
1800 438 1
201 436 42
562 965 15
1573 766 15
9 790 20
1013 1876 46
1312 542 17
271 202 39
1167 1177 4
1754 1590 24
129 180 48
640 792 44
406 1908 19
1926 190 5
1746 111 35
191 1402 26
1759 1137 37
145 352 17
1217 1844 33
1518 579 22
297 403 31
908 963 10
1130 508 27
1745 46 44
249 1369 19
1836 93 19
1741 592 28
1656 766 4
1442 1688 9
1594 1788 2
61 694 11
119 1765 24
1447 815 20
1926 1154 18
1478 1981 8
137 1076 21
446 393 28
50 1595 47
353 297 6
836 569 4
1821 727 17
1754 1920 16
1249 1758 26
1281 1678 4
371 1488 13
1910 1588 19
1266 1997 35
1407 1219 28
695 333 21
1384 672 1
1379 785 13
1208 59 23
1656 572 45
1239 1037 44
721 1362 43
547 1416 29
1593 1040 39
1330 144 43
559 103 30
1255 855 26
1639 1755 8
187 1267 46
686 556 9
1151 625 20
1331 1215 42
1324 1902 18
1418 299 39
1704 1119 14
445 1541 34
1135 715 20
1712 1420 22
249 916 15
939 414 11
1896 1906 44
1391 1861 1
1446 312 8
485 755 40
607 601 45
1286 1604 37
63 1607 17
625 1299 26
1654 1421 15
1023 474 49
36 215 12
1755 1190 14
165 1086 3
673 609 40
694 1708 14
649 828 14
1365 467 37
1958 1302 27
1450 1282 46
1508 199 47
1568 1302 3
364 1341 37
1234 1529 45
1133 1469 43
68 201 38
1882 1476 19
661 1099 4
1059 1103 9
743 1889 29
440 1386 17
1898 267 12
1664 247 9
681 1519 20
996 270 34
1757 339 5
1567 645 11
1978 1782 38
153 1167 35
1951 1703 32
627 1023 28
5 132 43
723 55 34
1908 23 30
1115 54 22
627 601 21
289 1973 12
1834 32 30
811 601 15
1820 1753 26
1753 597 32
907 1226 25
1044 788 2
560 1986 11
1015 1522 40
1701 1201 4
1871 553 19
1781 1694 9
328 667 14
1593 422 1
1604 1573 36
70 1250 6
970 1971 40
1055 418 23
257 250 23
1953 1822 18
1058 245 48
1324 1524 10
369 1461 27
238 302 46
906 1157 30
1571 1051 23
439 1582 47
154 328 23
37 1233 17
1508 394 29
1722 880 48
537 609 13
1245 1479 43
1700 452 27
1152 1187 20
386 340 8
1614 671 39
537 33 44
1490 1678 40
374 904 14
1726 226 13
578 849 35
629 749 14
650 1975 18
30 1538 31
1949 577 5
1775 983 31
326 4 32
1203 1396 17
962 1877 17
1959 174 16
1835 218 6
801 466 34
888 653 37
1050 1270 9
492 374 10
302 842 5
874 1107 3
57 909 44
1433 580 46
1653 1634 30
655 146 49
70 402 31
515 481 22
1585 1939 40
855 463 34
548 1182 45
1421 950 18
916 164 48
1195 1753 48
449 1347 37
68 1185 3
1432 835 40
414 1317 18
1292 435 39
1930 67 35
99 402 7
636 1455 15
640 1991 43
275 1078 21
1531 1054 26
1904 1255 29
753 1708 46
1257 462 16
1325 1629 19
1578 879 38
422 9 29
1681 855 48
291 1304 45
757 1462 11
207 425 16
738 933 43
938 1471 35
1422 1684 43
1968 990 37
520 1676 30
191 755 9
1867 889 28
669 785 26
1713 1964 17
1470 453 48
1687 415 39
352 693 26
704 1698 5
979 188 36
1067 1768 27
1066 940 9
1545 1402 28
1532 26 26
878 436 47
1877 240 23
681 369 15
1711 92 30
594 766 45
1189 185 23
1747 468 40
1561 1311 48
996 1500 18
1839 1578 44
1728 312 7
223 93 15
657 210 28
1655 1558 32
1282 1371 46
1883 216 17
913 481 36
1183 883 16
928 748 36
1251 591 39
1809 702 21
461 1532 18
559 1667 13
1051 473 1
1664 1495 32
1688 396 36
1553 1627 1
1597 124 2
808 1965 7
1797 780 40
1608 792 40
1332 551 46
1822 201 6
245 578 43
670 1250 29
935 352 7
1204 1914 29
891 1230 44
1317 932 17
96 1343 19
1810 1219 20
655 771 26
594 1113 8
280 957 19
1556 899 33
507 920 21
541 317 42
1871 1721 40
780 103 11
1211 118 47
561 973 7
1736 1020 18
1642 911 33
478 920 36
31 150 44
1468 447 21
1217 1130 31
1728 1222 44
1162 1944 45
601 519 44
300 1890 24
1403 1804 45
371 580 8
1882 1542 37
1195 1351 40
1495 445 10
641 1372 13
559 1300 9
67 408 38
878 699 3
1288 732 29
508 442 14
1550 1403 22
487 202 39
1284 284 23
1098 431 22
302 593 17
1097 1664 29
260 1121 7
1555 1688 43
1888 1107 46
1173 85 41
63 1947 40
400 1234 29
1237 1899 17
195 388 46
1704 1052 44
1930 194 27
1080 268 13
418 908 23
1366 197 8
304 1481 33
599 1296 38
1404 968 39
1291 493 37
1393 18 42
1896 505 19
685 1430 9
1766 1853 2
1870 20 32
740 958 33
1485 768 34
823 1449 26
1338 1799 45
402 1411 27
1421 1224 19
41 1935 7
934 626 8
1127 553 15
788 479 3
704 1488 6
1185 719 18
1291 60 28
1717 1100 7
849 1534 16
164 1081 39
1017 156 31
486 922 45
837 1789 10
850 416 31
244 98 36
1750 1315 20
1746 514 6
1747 1964 10
707 1724 7
118 345 41
1440 913 45
1441 1802 30
1459 519 38
1216 1110 47
362 732 45
1343 1837 33
1573 643 45
956 765 44
876 1778 39
1803 426 12
1238 623 44
138 1760 10
300 1616 37
1590 1104 23
1418 672 2
1139 652 12
958 95 6
529 489 22
168 1387 20
1196 1525 6
1589 1104 26
459 1144 30
767 1134 49
1808 1432 45
324 651 18
524 1481 43
273 368 5
1446 1618 31
329 1954 9
593 196 17
431 196 45
1947 1946 18
1805 76 28
644 116 31
1123 1718 46
1725 297 10
648 329 29
1276 1504 37
1053 1892 11
966 495 40
1208 307 30
1466 1862 2
783 1946 25
319 1694 31
591 853 19
1708 1755 43
1692 479 19
1648 1252 31
831 1466 22
1076 502 11
317 1010 10
1656 1974 7
479 1846 2
568 95 23
1842 341 32
653 647 29
1359 194 29
459 1814 16
557 222 11
891 1997 32
673 148 23
1524 62 49
190 1788 8
1382 1623 38
238 1781 22
886 1092 8
1291 1397 38
1448 1900 32
1755 1945 17
1343 118 35
1354 8 22
1809 653 3
282 1335 43
1639 1243 42
484 920 44
1783 628 24
1638 930 16
1770 1631 6
1225 1303 33
294 970 40
98 390 3
1535 1658 3
899 1261 10
968 216 27
1079 1577 32
970 1556 22
1393 688 2
150 1672 1
1085 1811 22
1683 1299 37
292 545 15
1935 323 22
1034 1095 45
133 1210 32
1550 972 42
1597 618 3
1740 1437 23
58 1167 41
673 1956 7
1128 442 46
1993 1299 34
908 825 30
1445 1432 35
339 183 33
558 1219 7
1813 55 49
390 1980 49
1109 327 15
600 329 33
343 1039 47
504 1178 15
1668 1420 20
1972 677 18
1562 1129 33
1855 170 37
1790 1908 40
670 415 33
726 495 21
853 1435 43
1620 1149 17
1790 609 35
437 354 7
908 731 37
1032 1595 9
131 562 11
959 123 32
117 1292 49
1495 1030 12
806 1810 30
1814 252 36
1451 320 47
1930 1913 25
996 1301 12
1187 219 13
916 84 28
547 1431 14
1186 783 20
1756 136 35
1926 1361 19
1397 1491 16
636 608 8
461 372 40
1511 1946 44
1519 67 25
199 892 33
294 768 23
847 1279 22
1166 1753 35
1757 1780 6
1414 693 49
684 848 48
162 276 19
1759 294 17
165 1427 25
828 1181 36
1766 1047 19
241 352 39
675 2 4
1107 361 40
1834 1610 11
1567 1764 23
401 96 34
189 1324 8
694 564 31
1679 1379 27
757 922 8
1795 760 37
1194 1480 48
27 580 38
1400 252 41
1958 1728 4
1340 952 3
785 1220 36
483 812 49
1579 145 20
9 328 8
1150 644 37
1427 633 1
1206 639 16
1251 90 2
540 227 30
608 1368 34
705 1939 33
921 1329 26
1822 1079 41
1830 546 16
1294 436 49
806 848 16
617 1003 29
276 1790 28
720 648 35
960 296 30
515 51 35
1378 187 18
485 321 17
1076 693 3
1749 833 13
514 917 3
261 1632 47
671 1887 33
518 936 46
912 1080 14
632 1214 39
621 837 13
135 1108 23
829 256 9
183 503 33
1142 1256 10
1285 1133 44
1362 1996 8
570 1911 11
253 768 2
1887 351 25
1314 1910 46
1513 1224 31
1907 1861 29
845 290 5
1451 563 11
1021 1304 45
1688 450 18
1663 541 30
1166 1890 15
1253 97 22
1265 1697 22
638 1274 49
408 83 18
187 21 9
1000 1762 9
1798 1597 48
1384 524 37
91 1610 8
1512 1777 7
822 1113 9
886 675 5
620 740 1
1387 1913 2
35 10 14
1866 825 37
1738 348 4
1573 746 37
1078 1797 31
1188 638 24
400 739 14
858 1857 33
930 69 18
489 1579 33
107 190 45
1928 1248 2
1539 1760 14
1199 1718 24
987 1073 34
1963 869 27
72 544 37
1436 1459 7
1504 148 10
496 1877 30
162 360 39
550 1221 32
1174 926 15
1700 172 21
906 176 42
18 1028 4
967 1775 48
1440 1077 34
823 1510 40
29 1993 16
956 315 14
148 1005 28
1966 1325 3
1036 387 4
1534 1475 1
1319 1747 6
1236 1243 8
1840 1513 48
1369 1885 6
509 1710 27
1371 1813 3
1591 751 25
1603 1430 37
1253 66 39
1885 179 42
784 1543 1
208 220 41
1631 553 18
427 1439 6
249 163 46
759 760 38
1657 1520 19
1336 711 11
1358 134 6
277 1043 9
1817 452 37
1373 1123 15
434 1147 25
440 7 39
1984 406 47
1155 920 21
1783 209 4
1482 1172 41
1194 645 49
954 109 3
1353 1502 38
84 25 21
424 1412 29
1396 1948 32
1646 94 18
320 1001 9
830 990 19
1736 1834 22
1643 188 37
99 1153 31
988 547 24
1093 624 2
1514 378 32
1553 1521 23
367 231 7
631 1053 43
410 1934 28
1097 816 19
1557 827 39
1645 744 37
72 1697 30
0 209 40
828 1221 17
1273 176 15
1031 1595 44
827 767 3
1254 756 23
1136 677 44
1848 1015 40
55 1340 7
1110 1384 28
1982 970 18
664 831 35
361 520 47
913 734 49
1411 1987 21
1580 1263 3
904 478 36
375 1767 22
1079 1000 24
1267 494 12
1657 453 13
1943 1018 48
654 755 27
1997 1891 43
1340 1717 34
348 560 38
980 1991 31
1078 339 2
782 138 30
813 736 23
1840 1745 39
1961 759 42
219 1146 26
20 452 25
454 1246 38
935 1086 2
1555 834 8
245 1304 19
1308 683 33
1826 1648 47
144 1896 47
1060 1055 42
707 362 48
943 639 1
413 833 6
774 1561 39
1981 643 40
635 1851 16
231 1135 36
1004 414 17
705 394 1
657 1972 25
1476 169 32
1539 1692 17
88 1112 26
1181 1893 40
831 1182 19
616 1776 35
842 1558 33
1559 24 43
342 765 17
62 1930 45
883 369 7
1256 1040 15
760 466 12
993 1095 1
897 1295 11
1172 848 23
233 1313 23
1723 675 7
326 1933 40
1539 644 42
1924 1203 41
676 672 28
652 596 8
1136 278 13
1390 1208 11
1616 930 11
334 963 36
1305 859 43
383 1204 25
348 696 7
1838 1033 9
1948 1537 46
1632 1467 9
717 786 25
388 605 14
225 411 35
858 1072 43
1361 682 41
201 1424 9
886 1403 23
868 1993 19
151 1077 47
34 5 29
1378 1531 33
1493 1338 15
251 1771 45
103 272 12
24 339 4
201 671 29
1943 545 39
1494 834 1
1082 657 34
369 1012 5
809 701 6
356 966 4
1848 1242 6
841 1114 21
800 262 32
1693 55 12
174 61 39
391 523 28
598 1784 21
330 924 18
1280 1799 45
575 1018 34
1111 1306 36
992 1963 43
510 199 30
439 1860 26
1512 1777 21
1560 231 14
148 1038 29
664 1327 31
1580 1851 2
787 602 9
1738 559 36
1218 488 26
804 1902 20
622 1006 25
1716 909 28
1877 5 2
610 487 15
572 1692 34
1397 1328 22
688 1485 43
1372 734 17
1575 1362 47
837 0 14
1409 1257 43
1560 1327 33
1706 1117 21
0 1737 15
45 1722 19
1544 874 20
120 765 14
1026 277 14
1296 834 47
1093 1506 2
918 1366 37
455 1921 38
1664 1492 23
1389 1370 21
12 676 1
1365 1940 3
1645 1133 10
1391 485 40
207 1114 27
1240 1186 21
539 1834 38
261 550 47
1403 1636 27
361 659 49
615 1547 28
1945 1558 31
94 1955 15
1340 162 22
707 763 21
1290 931 28
142 1396 22
1653 961 36
704 1544 3
1454 1869 3
1398 1545 40
1742 1667 2
389 1062 27
465 846 7
573 156 34
1168 1303 3
289 1220 45
1058 715 40
768 444 7
630 1936 37
170 1745 25
1019 1284 20
1765 866 37
1673 1649 17
1269 1694 2
1982 339 48
496 1161 15
822 60 10
844 1415 43
971 19 31
426 1500 40
397 1422 42
1172 385 35
1446 569 26
1956 507 30
1988 1362 12
1409 463 35
1248 1715 31
1300 433 39
1366 1485 40
1868 1075 21
135 414 10
1365 1655 35
1376 77 5
1497 299 22
1617 1390 1
1428 1419 45
1820 1816 12
1202 1299 4
1719 431 3
1851 1623 37
1946 1777 1
223 900 14
107 1335 23
1021 1972 43
498 1916 44
1145 1628 48
864 1073 44
359 821 26
61 1059 46
1556 281 17
1205 323 25
276 870 2
329 135 14
1234 971 18
1715 187 34
832 734 45
487 1629 15
55 1902 8
231 945 16
189 1807 36
1737 1800 48
821 1671 11
175 986 13
1820 470 1
714 1888 9
855 1924 40
1031 660 30
994 1198 3
976 1206 38
379 1291 10
1409 858 4
989 655 9
129 1583 29
110 883 39
1961 1976 30
872 1402 33
750 1852 46
1013 422 7
768 1155 24
1235 733 14
1392 998 16
24 254 32
1976 375 1
1440 1549 6
297 1570 28
1172 188 25
1493 1581 19
1150 1062 25
1070 428 11
207 1960 27
1404 514 18
1940 1286 9
608 1050 19
194 869 13
150 490 11
420 545 43
1192 1540 5
1741 1153 12
705 519 6
1362 1027 27
1407 827 38
316 1878 31
1876 1746 30
1684 814 30
164 1471 23
1051 1428 15
1147 1927 40
783 1500 24
1985 499 38
1285 1176 3
1626 51 47
1422 1261 43
1171 1695 6
662 388 1
718 1111 3
1055 821 24
1891 1546 31
274 931 19
1394 717 38
87 1270 15
68 1425 28
1574 1353 5
216 1867 13
1264 560 25
294 1052 6
1799 1601 48
1999 1083 28
584 1725 46
1576 1191 13
1230 1410 2
931 1011 6
631 1174 38
1409 131 38
1294 576 42
1217 217 8
886 172 26
928 925 39
1721 528 49
1150 53 20
1851 917 18
1763 1938 5
226 142 34
788 12 12
1915 372 8
963 398 20
687 1412 21
1207 387 25
203 816 1
1824 1946 12
1538 435 2
1481 1603 32
1609 659 35
1480 1725 28
75 1306 37
374 903 3
743 1204 47
1837 1051 35
1958 1070 49
310 110 45
921 11 49
1076 1353 7
899 1669 12
336 1360 27
1004 603 39
1789 1803 46
260 722 14
712 1982 41
1633 752 24
1948 1473 4
1993 375 30
331 1529 28
1384 1666 16
1455 1898 13
1179 1378 9
677 1547 11
273 465 47
789 1477 31
1546 733 12
1888 1620 40
1256 559 36
718 1458 15
887 1608 37
293 630 19
1497 856 35
129 1882 12
1922 453 19
548 1774 35
121 1567 11
1338 1135 17
1219 129 25
1962 335 8
62 8 37
1551 388 25
1813 1167 6
132 222 6
212 1636 49
1356 888 10
456 1708 25
1152 323 41
448 1126 48
171 1617 23
768 1744 18
322 171 37
1054 1096 4
1114 96 43
987 1337 9
216 218 43
1482 447 9
748 1438 38
1296 523 18
734 797 38
61 1251 42
1211 1226 16
1441 30 28
1094 1883 12
558 1260 39
764 802 32
1431 1567 40
317 1117 32
785 1929 12
1131 1738 44
1307 793 29
1999 878 42
91 1208 43
1224 1250 34
1620 1160 43
322 372 35
1586 1700 17
1652 90 34
1972 242 34
1729 1687 35
1666 1727 41
1428 412 2
1337 505 1
1551 810 40
149 945 24
1515 1357 1
1089 975 49
1204 1356 17
836 1948 20
1055 1762 42
1776 1001 9
1471 858 1
980 16 48
792 951 36
783 1983 43
1846 776 32
592 417 7
293 812 16
791 1345 32
1496 1606 49
163 707 29
1182 1154 44
481 1165 49
512 230 20
403 1855 13
1908 1589 26
1760 846 16
1229 1703 32
485 1278 24
176 518 31
555 907 7
345 1396 43
939 1924 41
726 1998 42
1634 907 43
1463 68 45
828 1217 23
283 360 41
1787 283 35
1812 1293 12
1246 450 15
1975 1253 2
1721 1423 40
1688 1800 20
1058 559 8
1977 1514 46
114 956 4
249 1803 4
959 1671 7
1062 1530 25
1729 538 25
68 1991 39
1294 1475 46
1039 1124 15
1450 1606 2
1882 1941 45
1561 614 7
1140 1670 15
1374 1851 29
941 777 9
450 1244 35
1973 1549 31
874 190 16
1652 1189 25
1651 78 28
221 199 8
526 1633 29
1229 1746 35
1052 224 12
186 1464 24
1560 1849 32
1994 50 42
1583 403 48
472 377 49
825 480 39
948 1532 11
1288 1036 48
324 422 33
1221 509 28
1466 1643 32
368 405 44
420 1459 26
608 1783 42
1458 1230 49
1057 1836 30
1658 308 6
1680 523 35
1874 656 31
421 1300 49
487 1329 41
956 1334 43
738 1707 9
508 657 35
1538 1449 28
1918 1490 49
1658 228 48
76 95 34
745 910 43
1351 1824 20
957 267 23
834 423 40
511 1429 6
1456 599 12
1276 1968 30
78 1640 38
454 1511 37
1684 1809 39
1550 1381 5
852 1754 21
803 1495 48
1261 548 48
420 557 33
100 708 19
479 111 35
1254 279 48
418 588 13
66 1530 44
1605 481 19
369 1545 3
784 1038 5
1723 1823 13
158 1207 5
763 1885 35
41 160 39
566 1130 11
1063 1024 36
1413 1735 38
1894 1418 13
36 962 18
277 401 39
1186 1478 15
883 690 48
1563 1977 6
127 967 24
1869 1625 7
990 981 46
525 1008 19
1780 441 18
663 38 14
1281 1039 5
1988 780 18
1770 42 7
53 140 11
692 1338 21
309 355 16
1272 1770 15
1704 350 31
704 1282 46
1616 1365 37
1147 677 47
774 681 44
492 204 16
187 710 43
14 1694 35
14 534 42
557 478 22
1246 861 11
660 1377 17
1881 150 22
570 1543 1
1485 1182 30
1684 779 36
94 200 27
1553 883 20
106 1279 24
1191 1647 25
394 1113 34
198 1536 44
1203 1640 26
362 645 48
386 796 28
457 1117 45
138 1567 4
408 850 12
666 1162 38
536 1755 44
415 411 44
1454 365 19
1180 1708 10
882 1159 42
61 725 6
602 1287 44
749 491 21
781 815 41
1002 732 34
1596 758 7
164 397 10
1776 1566 36
244 888 11
816 1830 35
894 176 34
1420 1237 6
931 1546 6
1385 1111 26
23 1036 20
379 925 39
1479 1887 25
1080 1513 31
689 1512 14
965 980 43
1768 933 36
1997 1881 40
690 791 41
1718 1527 5
1939 552 28
1855 1811 13
1518 1886 33
1270 744 22
954 1054 46
42 804 48
1227 1212 36
1627 1132 14
1522 1400 25
1878 790 48
785 552 9
1807 1574 33
1528 1258 40
554 1458 24
301 1623 41
1358 1714 21
934 1689 1
144 598 28
30 1087 14
597 1883 23
486 187 9
463 1004 44
1885 406 37
1709 560 23
1298 1256 44
1544 1736 16
982 200 26
826 1082 34
139 1693 48
1050 1786 32
467 1496 38
611 56 8
1799 1280 47
1284 1753 12
864 1052 48
1066 905 30
12 1751 23
605 1312 26
1156 1236 40
1757 1197 17
479 1907 40
1648 1203 20
1546 1218 31
267 1142 22
56 926 41
1781 1483 4
1213 1396 29
678 809 44
1112 176 34
1991 1214 5
572 1575 5
1929 1360 40
548 550 43
120 427 5
1886 536 29
965 511 25
1846 1774 13
412 853 6
1405 301 12
1423 1091 32
481 1595 38
1920 681 33
1592 1237 8
427 479 46
928 1248 49
473 1281 31
376 1389 20
1048 846 14
214 227 24
1729 140 7
766 917 44
399 691 37
245 1649 4
1395 732 40
1279 1697 17
1442 1399 39
479 874 19
1536 189 47
942 869 8
56 337 33
603 1682 32
1637 1121 45
662 1754 6
1156 1 23
335 1857 25
607 1768 41
1345 1514 14
607 520 2
771 569 7
93 883 42
740 1889 49
844 1150 11
1526 1123 16
314 1036 20
577 175 22
1106 639 30
58 1899 19
993 1599 38
1310 1253 13
841 1653 44
1734 1997 9
478 685 44
760 819 8
1751 591 49
1024 928 30
336 1648 1
711 1532 15
1302 62 37
265 1841 24
1801 1437 35
190 778 27
1725 1180 41
1121 433 3
7 1943 24
17 359 19
650 131 36
1809 192 25
946 498 26
1660 1867 29
461 701 25
1802 627 21
1281 1415 33
1897 223 25
1018 1631 5
1182 1959 11
1616 1106 44
591 386 5
1323 1601 10
1226 658 30
1533 877 32
1549 1730 33
1465 964 11
1649 689 19
1225 1773 6
1951 1411 46
93 1828 47
1589 386 40
786 599 37
759 881 49
1592 1543 30
690 120 33
1644 1831 6
1892 826 16
1172 1495 37
1243 729 27
282 638 45
790 1736 8
819 1906 22
449 835 49
743 223 23
1085 1920 21
1033 908 24
943 1745 5
1478 622 7
1858 406 14
1630 1765 46
84 700 26
1485 1896 5
482 1194 3
1417 2 37
26 163 22
667 554 44
927 1206 39
882 1603 39
1302 989 4
1088 1055 10
1451 113 37
834 271 5
1336 1120 2
121 1876 7
1235 671 14
1195 669 42
1696 1779 38
370 108 10
1718 962 1
962 1421 30
1798 204 16
1412 1301 34
1775 1563 24
325 1134 21
1575 1143 23
1899 37 33
1854 68 35
488 1714 8
1404 907 8
1155 418 20
1874 982 40
1930 1942 42
318 1676 14
818 941 4
1628 1258 38
1169 1673 25
747 1376 11
754 190 16
332 1176 41
28 1045 46
1973 873 42
385 1478 35
1985 1541 22
1821 1635 14
922 1303 24
635 1487 14
1518 234 5
1302 804 12
1587 1843 32
164 1415 43
1615 1271 12
703 1452 44
1743 1649 49
1250 98 24
1948 1344 8
1150 1634 37
882 657 8
1149 1422 1
1752 395 15
1742 152 45
1020 196 18
956 988 36
1262 500 18
555 436 18
1447 1674 27
1414 482 35
1970 1094 19
274 123 30
630 1825 17
387 1648 34
1831 1108 33
1308 526 3
1519 729 27
686 295 23
182 1724 48
625 1286 37
331 588 49
1937 1939 35
384 586 3
1811 959 37
0 342 30
1639 1980 48
901 941 28
837 172 40
451 1498 20
329 485 21
572 552 38
1180 169 16
1128 433 16
1627 810 25
1302 1719 16
1045 1233 16
901 1183 4
151 459 48
892 1516 7
231 646 27
1303 1102 2
271 1529 34
257 539 38
1086 936 40
1907 1358 17
1478 1597 2
916 1760 37
1501 1473 3
1229 488 27
1459 1168 47
533 866 29
1011 1271 2
1125 274 3
1940 501 31
1013 1695 11
325 605 28
1242 1729 37
34 1472 17
1481 21 38
8 1650 44
1445 1470 46
1099 1841 30
1100 742 48
295 320 16
1707 123 42
1334 1558 30
321 351 32
1633 860 22
1604 1150 19
118 349 9
1136 122 26
389 1115 26
340 944 14
1431 879 5
1827 1142 37
1708 1449 21
446 455 9
1780 1464 33
1111 1032 45
929 118 2
1295 186 22
1424 1947 36
1185 259 47
627 217 4
472 346 45
1061 1996 23
205 1930 33
248 700 19
159 295 8
669 1 8
986 466 27
206 1781 15
6 978 2
134 70 33
1193 112 20
1635 895 11
1633 1268 26
690 1865 25
1990 915 44
1309 1769 15
994 1767 41
1698 260 17
278 393 48
958 1790 17
428 780 30
351 897 28
356 1447 11
0 60 48
1670 1136 43
212 665 34
1164 1637 11
115 764 15
76 250 30
1148 632 39
451 93 28
1937 476 18
95 58 9
745 326 39
174 1160 21
1133 263 12
1262 1829 23
1456 107 24
666 1478 1
282 320 11
1339 1022 15
1212 901 20
1170 1661 9
8 1877 40
1296 1224 12
1493 1339 13
934 127 6
626 574 38
568 816 11
1624 1159 14
1795 1219 46
951 40 1
691 1292 3
223 165 41
552 1227 20
1381 747 1
30 1820 27
1580 1814 42
417 707 16
326 1908 21
1968 1677 25
1948 800 48
567 1729 21
492 1189 21
356 121 13
1928 9 9
317 957 28
61 470 2
634 1604 49
881 473 16
590 1259 24
244 6 14
225 1741 31
1799 377 9
1922 1081 30
544 1025 13
1588 1468 45
667 337 28
956 1653 9
1815 1579 9
563 380 31
1189 375 49
1164 1195 41
606 1660 1
926 1476 20
1363 539 33
1173 779 11
1501 1575 27
283 158 10
1126 1257 43
1359 464 24
569 188 30
1057 1149 38
1943 1637 8
710 1766 39
1744 1293 36
1822 1175 8
1191 74 40
1022 399 1
1938 1379 29
614 1598 18
1544 466 37
1011 805 19
264 77 26
1920 1282 38
1122 625 11
817 1500 28
405 788 48
1973 1287 1
1757 761 25
1002 1322 8
1488 209 49
680 1072 21
1144 611 22
1399 743 36
372 1244 35
1538 1514 43
1010 1687 38
1869 1070 15
1201 608 32
1229 303 44
798 1383 10
397 903 40
278 167 6
1950 801 37
1577 1579 12
1101 1181 40
37 1382 15
438 199 16
844 451 41
1722 1135 43
1107 1770 14
1368 55 5
1701 1262 34
838 1004 11
1028 1664 33
1876 1067 9
1920 850 20
1684 809 25
580 1704 5
1009 625 42
888 1043 38
530 1342 17
1998 384 12
554 1729 8
1094 292 29
330 124 46
561 1055 27
176 432 9
1835 965 11
1189 689 16
1509 1525 43
415 387 48
1581 1085 39
1351 483 42
725 728 41
257 797 30
588 1614 7
1803 29 34
504 1801 16
756 1425 27
1180 468 10
474 39 42
1653 1797 42
620 883 18
1826 1301 3
1971 1729 14
382 827 35
295 1498 7
1571 1510 39
1412 660 24
1847 1967 15
1570 1768 14
1952 1997 37
1067 330 24
304 565 35
1835 1033 41
765 378 26
1884 59 46
1182 1253 1
1018 1182 48
1095 1629 37
1350 1610 3
903 148 49
1803 123 32
1157 1155 14
1200 1205 36
460 831 25
333 1545 48
1562 692 29
1320 948 37
1077 1623 13
90 542 47
775 96 41
282 617 18
849 290 22
867 439 8
1107 1264 1
422 1614 18
971 1833 40
933 82 26
1863 579 39
70 1926 18
1597 1081 45
1628 1090 16
1413 1379 12
1714 1651 44
1675 761 42
696 1093 33
231 1343 38
1185 1662 22
6 975 9
696 631 3
1322 462 24
1476 1509 30
1600 1510 28
528 446 1
803 995 36
633 1829 1
265 163 17
1711 1781 6
880 222 34
1817 1076 20
1465 1603 43
897 1326 12
772 1162 42
977 505 27
961 754 39
1630 1889 15
1862 769 21
738 451 43
558 1453 43
1390 838 13
1976 347 43
1615 825 47
1070 908 23
629 1430 3
646 746 43
1282 1768 41
130 1183 48
1054 537 20
1377 262 41
340 619 28
1663 1222 48
1807 236 18
159 1211 19
206 1096 8
1510 1368 28
1631 306 10
1550 1789 21
221 268 42
1013 345 35
1237 21 23
1739 1189 5
53 1950 11
1820 139 6
1948 799 46
757 442 32
1507 1214 42
1479 535 41
793 1872 22
114 453 35
1303 1856 19
512 182 4
1858 1454 16
165 884 41
96 1919 31
1121 1088 42
837 1944 35
22 1295 43
228 1607 32
1494 1090 6
1369 651 4
1780 555 49
1079 1233 46
550 1695 27
180 304 7
1282 1124 42
650 732 27
1342 244 38
1509 878 3
1294 1956 35
1822 410 6
1141 1078 15
850 1070 38
349 711 34
519 590 8
410 877 39
408 1140 19
1235 1750 16
676 574 7
1126 307 16
512 1847 21
1887 560 1
1223 1489 43
923 819 32
1506 943 20
585 395 34
573 1215 6
1224 937 31
611 1570 14
1636 1038 10
1967 305 30
1852 1780 38
812 1945 9
1804 825 20
242 70 37
1837 413 13
1215 497 38
515 266 32
85 1324 38
1417 958 1
1557 1241 27
247 1648 34
426 1561 32
623 1814 30
1653 128 9
217 46 44
1915 1681 42
255 1516 39
526 793 18
216 323 29
1177 176 11
328 690 40
1047 1135 40
326 1428 20
1821 507 7
1525 533 43
764 1703 10
1481 1899 44
143 749 40
177 476 7
1363 1339 10
800 287 19
298 525 47
1675 1562 17
1472 1916 27
467 1882 17
1708 1527 48
642 1504 18
1162 60 8
250 730 46
415 586 31
410 227 45
1677 342 35
147 409 23
750 1215 13
493 381 24
1452 33 37
979 1240 47
411 1047 18
317 1265 33
351 303 29
135 422 21
349 1706 4
46 1734 43
1030 1146 39
728 308 14
866 1468 29
1603 1396 25
1611 1939 7
1244 174 35
638 960 48
1663 847 17
1840 913 47
1186 828 23
484 243 37
615 1466 16
588 1989 40
1909 1360 49
882 44 10
5 800 47
689 1753 2
844 666 29
410 1597 32
287 1819 31
944 1101 23
1387 1068 8
1134 199 48
1666 72 32
537 258 15
687 171 44
407 435 25
984 869 6
1597 513 13
584 81 22
35 258 37
16 1360 21
195 966 2
369 287 31
656 1806 39
1735 15 41
1185 187 10
990 97 47
1049 944 18
873 1931 18
624 584 8
70 282 46
1112 1103 26
900 156 19
801 1987 8
914 1245 25
1702 177 25
711 1740 34
554 452 27
301 720 17
956 827 36
602 476 38
1072 1919 37
813 227 3
1046 162 8
1805 1815 19
836 763 49
629 1501 4
1866 1182 18
1272 406 32
1127 713 16
615 1565 48
143 1618 7
387 652 5
1642 350 9
604 417 13
1722 1671 10
1596 1087 11
344 1753 17
1456 1109 30
222 1082 3
84 1243 3
771 1743 39
996 1731 3
973 503 49
201 1918 33
359 1633 34
694 1149 2
648 1659 30
515 856 39
1984 537 36
1330 752 46
77 1274 19
1302 1843 42
769 1868 41
1722 1521 47
884 1245 39
1195 1342 31
1651 61 17
1834 779 40
700 636 29
899 23 49
688 234 9
377 1485 27
487 155 23
1652 1688 19
1131 994 4
1141 1104 33
477 1005 42
1595 1421 47
264 758 7
569 1619 16
1342 32 38
40 347 24
595 1956 10
1051 1537 19
937 1917 9
710 1335 16
443 1152 27
107 1122 5
1093 105 42
243 1725 22
242 501 16
1765 45 21
474 1060 45
1797 1299 38
984 671 8
156 1069 47
869 1289 7
1290 199 36
1441 723 4
1386 660 1
578 1320 30
1664 165 45
1253 1442 43
870 714 25
1685 177 46
1252 166 5
960 882 9
759 264 7
1852 1655 31
1436 20 33
538 1639 34
679 1363 1
556 362 30
1600 215 9
958 901 44
1023 749 23
400 724 19
1683 1539 10
1514 206 44
856 974 37
1477 859 12
1227 781 19
1566 1897 10
352 1794 39
1781 1207 13
1178 723 40
1869 222 16
599 1350 47
833 1622 9
1770 645 15
447 1217 34
532 1103 17
1199 1885 22
971 1097 31
1758 1098 20
1907 1555 14
427 1976 9
849 1779 29
782 1329 25
1539 1322 42
1496 906 47
1861 848 22
1029 1955 49
1284 653 4
774 801 29
1455 1211 12
334 1115 4
1470 1311 25
1538 1480 27
403 1175 20
98 1085 7
226 1809 41
439 966 30
1149 659 16
144 1945 18
847 1292 45
740 880 24
1723 1685 47
1040 1243 23
1228 323 23
548 1583 15
152 1663 11
1293 1409 1
1892 1253 12
1018 1099 30
953 1020 16
1433 1648 6
955 1590 41
117 1127 31
278 1163 40
1488 1459 39
1906 979 34
848 214 40
154 1253 43
354 880 29
695 1929 13
936 1169 10
1909 762 21
925 1384 26
1942 765 24
1779 86 7
1670 133 10
1049 1208 11
784 1421 31
1313 659 6
1158 1626 23
649 712 38
141 245 47
249 114 42
661 375 21
1493 1367 37
951 464 49
134 353 24
689 1964 24
1079 506 1
659 1572 3
349 760 5
375 675 28
387 786 5
650 820 5
1323 488 27
670 787 45
1062 483 7
729 1309 23
743 1293 29
817 488 11
32 839 31
885 1931 42
1065 1531 38
1131 1054 40
1694 695 31
670 824 34
787 1056 15
1716 546 46
588 567 30
1054 1016 49
296 1064 15
1068 1054 23
342 458 29
1795 1370 32
794 365 37
848 742 44
1436 329 18
1406 1723 49
483 1071 6
661 245 45
1773 724 30
1550 339 17
122 612 11
361 745 27
1523 1895 21
881 1656 7
1222 1146 2
1307 334 5
179 1940 44
1914 1026 44
894 1159 41
346 1277 38
1899 1705 18
522 1539 21
1343 622 36
465 1766 22
1875 1767 31
219 1869 24
228 484 13
857 1602 41
673 976 2
1576 1898 10
399 1380 12
1037 445 40
337 1959 31
1432 1321 28
1122 1798 35
1785 1561 16
1271 191 9
1730 513 33
1330 655 31
1117 1374 11
1702 1413 25
470 1864 9
1563 809 32
1241 1904 13
689 1614 18
1953 1489 48
998 1705 49
1966 1108 44
396 1060 47
1519 1464 3
1567 72 30
2 763 24
1408 37 18
1020 1345 40
1859 762 37
1993 306 48
1003 1612 35
692 531 36
1904 1279 8
1176 550 22
1876 1437 21
964 634 22
1433 1397 34
1370 996 9
0 1352 2
1607 285 44
1308 958 11
809 815 21
1633 1632 22
952 633 5
1969 802 6
778 1828 28
926 541 17
1764 282 27
1155 1539 23
745 317 34
141 1432 24
1505 419 36
1897 749 44
771 1426 23
535 1747 28
470 1761 18
1836 76 17
1736 1667 36
1817 668 37
1305 1542 24
1348 1364 29
388 1106 38
1173 1713 40
1101 406 6
386 815 23
996 527 7
1359 1986 36
1786 589 24
1185 1853 4
1687 1248 1
1485 457 8
630 945 37
998 259 38
1121 214 27
829 1394 15
1239 1421 9
1712 954 33
1876 717 33
1725 1151 46
607 1031 7
212 177 23
1099 352 10
841 903 46
442 1295 43
1868 1546 28
1407 577 42
451 1986 38
1925 677 32
782 633 13
399 1914 4
752 963 3
519 1783 37
1972 1055 2
1148 828 17
1332 1345 17
95 948 12
171 1419 46
1892 602 34
1267 1182 10
1101 39 6
478 1701 2
916 1016 34
876 252 45
75 385 29
36 1290 35
138 1969 5
295 558 27
788 1795 45
724 1934 7
339 1614 42
622 1114 49
1833 1959 44
165 1140 35
1772 593 32
313 1446 36
376 792 48
944 521 49
90 1710 43
788 1336 21
635 1538 22
841 440 47
1562 1271 27
614 168 42
1275 771 1
429 788 26
1747 1934 13
1457 1839 13
716 857 20
1063 428 49
889 662 40
1748 1542 45
1972 1962 20
773 1211 9
434 13 28
1052 1801 43
111 23 49
984 246 5
579 1015 8
1610 293 44
297 772 44
1470 1470 16
1123 1202 10
1086 1081 43
1984 848 31
1250 913 32
67 29 27
1860 1464 3
1797 980 17
1022 1135 20
192 1327 22
1648 1621 10
1568 1304 10
623 216 47
1030 52 24
814 209 23
1943 1438 25
483 960 8
434 1346 24
130 1718 49
1072 1790 1
1081 889 40
113 1790 23
1725 20 45
1339 1520 25
976 379 27
1964 1986 25
1469 1572 45
1381 1028 9
1745 1552 24
1706 269 18
1392 444 39
48 1410 21
1282 1189 37
1775 847 31
513 1193 3
1525 1998 2
1664 1301 33
1441 1583 9
806 1349 19
1440 1984 18
844 526 17
474 1612 27
1207 1094 2
302 1936 42
1227 1758 48
1378 1821 35
373 782 14
32 1866 4
1501 331 4
433 1974 44
1601 1871 3
1771 1537 44
1183 617 21
939 597 6
390 592 23
1070 1274 43
95 1329 27
932 1716 30
1829 1262 39
1160 1101 28
1554 1322 6
813 178 10
69 790 41
822 1031 29
1479 1104 20
1863 246 27
809 647 39
491 1982 33
158 1473 12
524 565 45
1217 301 38
1972 1929 17
101 1010 11
1215 1648 32
733 1379 18
1757 1350 4
259 128 36
1597 1985 30
910 1404 2
445 118 16
218 1527 47
745 760 39
1308 462 5
1398 429 32
147 558 46
1196 652 47
803 332 23
1464 1784 4
1090 1964 22
1666 1877 28
240 150 5
1385 316 40
392 1159 41
1699 213 38
429 114 2
1148 592 32
150 954 23
900 1374 8
541 488 37
1156 1338 24
1115 1489 4
957 1681 36
330 929 36
1757 1085 30
1463 1410 38
1390 434 11
315 156 37
49 300 7
1373 300 36
1365 1586 18
1380 1195 19
845 51 5
946 504 18
1054 314 19
749 365 13
1400 1476 22
1005 162 23
1153 1297 18
1791 709 5
901 1366 43
142 1275 46
821 1547 7
643 1676 28
1882 470 39
1986 486 3
1518 858 15
606 557 19
396 1078 46
113 56 42
1313 168 13
1077 1937 1
1369 1960 14
1788 1050 19
1220 258 8
667 944 10
1022 1445 21
1514 1123 22
1797 1706 11
941 804 40
89 843 23
1697 380 38
1132 488 31
499 748 46
1010 351 28
224 1984 23
949 814 40
72 1116 16
811 1125 44
1312 701 39
559 1138 5
1379 288 31
442 251 40
1855 138 46
46 1505 35
1195 891 36
1044 203 26
942 1103 7
1439 1504 23
1741 1980 3
1359 525 48
1494 819 5
1504 192 19
1594 1295 17
0 824 25
735 268 28
1792 1915 32
29 448 36
1262 1192 47
77 230 44
1180 305 18
1047 1632 34
506 1861 44
886 1792 43
979 1707 40
282 1160 43
959 553 36
157 570 16
1302 1779 19
195 1173 29
16 1018 9
1507 1951 20
858 707 1
273 964 6
791 1447 10
599 1844 24
185 803 18
1528 338 19
155 1067 25
619 483 48
482 325 46
1503 1413 42
656 1849 26
1925 1568 38
1096 1136 34
408 656 7
1718 793 12
867 47 41
1600 1399 13
1051 1275 4
338 1789 17
1037 418 38
108 411 42
1233 580 42
1058 477 25
361 1815 38
1752 1623 1
1028 1853 24
780 222 29
1173 788 1
373 339 38
486 1886 14
836 481 4
1845 565 20
640 1481 16
1706 793 28
312 1297 27
792 543 28
262 293 32
1570 302 45
1129 20 21
661 245 48
1846 1442 15
1005 1741 16
1658 18 32
999 1113 5
1242 543 11
195 949 49
1944 791 15
1849 749 38
367 78 25
1134 1702 37
1410 1539 6
1361 733 36
1372 1643 9
1832 102 16
1891 65 2
202 742 25
565 1053 7
1122 1516 13
499 436 1
1869 923 8
294 1635 28
50 1730 14
1571 825 20
1273 1335 34
1496 30 2
917 1236 2
991 1020 49
100 956 37
1519 1757 42
1174 321 3
800 1021 29
1896 1651 39
1602 1339 17
1576 807 31
42 961 2
1305 360 14
1198 1065 37
878 38 3
1716 1717 4
516 756 47
562 987 3
229 1948 1
1565 801 30
385 1258 41
166 162 41
1430 69 19
833 234 3
1241 553 32
1394 241 32
1648 1644 5
1587 952 36
965 1750 38
138 1471 37
1875 1781 29
1290 1042 2
23 1669 38
1488 21 36
1117 656 11
1637 535 38
650 520 33
521 844 12
311 1899 42
1552 1823 47
22 245 38
896 1146 2
898 1134 17
931 864 12
44 1173 20
1915 510 38
1025 603 1
1449 1456 37
1989 536 15
16 1043 9
820 1622 28
1387 1538 34
1737 838 46
1687 400 22
581 1864 1
1018 1486 14
11 1181 36
702 108 37
1797 304 19
202 1562 40
1076 1992 11
398 1784 37
74 910 6
1372 33 10
534 682 30
201 1399 45
1058 40 5
895 898 27
840 1172 29
203 1425 22
15 1887 22
1187 445 27
1906 806 6
1328 24 7
1959 1610 26
235 394 20
1560 202 41
418 724 38
193 360 11
1189 1455 30
1613 886 6
198 652 36
1921 1495 34
970 841 43
1890 528 42
875 567 17
453 939 14
746 1142 25
1657 377 10
1018 155 8
283 27 6
1197 1893 13
1427 616 43
214 490 16
1620 1793 10
774 824 4
1594 35 44
1029 1102 25
1003 641 22
1929 1963 27
1322 821 34
1354 1721 21
418 1642 9
528 1381 3
1139 1062 47
1491 1829 18
1743 1764 36
45 1869 29
1349 697 3
931 1547 3
944 338 49
1880 1989 44
1193 1908 10
1863 810 41
1295 1850 22
1450 731 18
1344 431 24
612 1409 10
260 1641 8
995 1324 20
136 1354 7
1964 890 20
858 101 48
1222 1690 25
1356 21 29
985 585 9
1151 1330 44
47 662 37
591 791 43
151 1838 37
1650 1290 31
349 1663 5
469 450 34
1271 374 10
1794 859 26
1430 90 3
139 704 49
354 1668 8
21 1184 49
1924 762 29
1556 1632 33
1180 132 26
1593 119 17
1928 302 46
121 1514 27
731 1058 1
294 1893 21
1333 716 29
966 1985 46
956 1708 32
835 1208 24
1854 225 9
621 1883 48
1318 1661 35
444 973 21
504 1841 45
1595 259 8
1404 973 11
888 851 22
657 1848 27
1747 198 9
558 366 12
879 1750 41
1861 937 37
1302 1647 13
620 1155 27
1554 860 16
1917 448 42
1193 5 36
1345 1736 16
491 1579 1
1914 1992 31
1516 437 32
587 450 36
1142 519 34
1582 25 35
246 1814 12
821 1024 8
1709 1143 37
1536 1097 43
1029 870 10
20 689 5
1010 555 6
266 962 19
991 1329 45
971 809 10
1682 562 45
797 1020 30
664 562 15
1940 48 37
1868 1462 9
166 1746 44
346 752 39
303 720 37
752 1904 4
58 954 7
114 883 13
742 1974 17
1393 787 8
1520 1334 7
491 1075 20
799 118 8
88 181 44
453 796 36
533 1109 18
438 686 4
1703 1194 9
1527 1851 1
1384 750 23
1245 1001 3
1443 984 46
1663 291 8
1685 1587 18
445 255 25
1614 410 7
1378 1984 42
1406 1367 16
310 820 42
1101 1526 31
1870 811 44
318 1256 4
445 1695 19
1748 590 39
1607 365 20
1288 387 8
988 1382 5
1262 68 48
1707 1969 46
713 594 33
1639 329 6
751 1195 6
302 1307 4
1155 655 32
1653 1815 41
1426 1774 17
847 284 28
915 1233 49
695 316 36
1995 1850 20
1929 390 13
1490 647 22
1408 582 46
288 1059 21
1997 396 10
1068 816 5
306 1380 49
1447 68 38
1843 1880 46
1315 228 30
1301 1563 46
214 1489 14
874 890 43
1386 1336 42
1589 740 23
1614 1539 39
872 1009 42
92 1185 19
25 1510 7
309 1324 42
1566 1560 46
1529 1148 21
412 953 4
1971 218 44
1199 48 6
815 1227 19
1029 1852 37
622 373 22
1568 1352 46
1569 1282 38
85 1704 1
1211 1498 32
1194 1005 31
315 1970 41
1251 1137 41
1494 1041 28
1696 474 11
1913 475 35
411 1588 33
1605 1346 4
1070 1985 40
934 362 12
1906 655 46
1074 1544 45
446 946 19
1229 1034 19
756 271 36
404 39 24
1992 562 11
447 1566 20
1486 515 11
709 1586 33
1011 1006 26
1085 508 13
995 1753 21
79 703 46
545 1834 5
1519 1172 22
762 1267 48
1233 69 48
897 950 46
233 1299 14
1979 536 47
503 828 46
1389 696 30
1175 775 21
1891 1004 28
1206 29 3
996 1031 47
1908 1548 38
264 668 29
1275 1744 16
55 1202 36
116 1895 12
1553 1029 3
1734 737 13
294 585 28
1448 1849 5
1320 1321 16
1371 751 24
1653 1408 40
1291 385 15
92 982 49
735 1767 40
603 1792 44
854 977 32
170 454 37
372 944 43
533 374 44
743 1813 10
136 1572 28
1061 216 14
920 1118 14
782 1284 3
556 425 49
1690 79 23
925 174 37
1300 1238 22
269 1872 47
426 1676 26
1653 739 3
1087 22 28
319 1115 27
1860 336 8
1030 967 27
644 1335 31
1733 1690 34
255 482 47
731 1021 18
1749 874 39
1843 1193 47
617 464 14
1257 1355 18
964 1207 36
82 444 5
141 1788 28
1508 1975 34
1164 958 20
